   1.5990000000000000        0.0000000000000000     
   1.6777898148148147        46.436596603298995     
  0.85331851851851848        25.931014428587957     
   1.5134361111111112        36.278448963684752     
   2.2654814814814817        44.258238987171922     
   2.1815787037037033        46.559782020983505     
   1.3365277777777778        36.835255362721341     
   1.9721657407407407        40.409022488587595     
   2.7319037037037037        50.746612845480058     
   1.1933416666666667        38.964138617928882     
   1.0693888888888889        38.783591402028264     
   1.7874490740740741        30.362208392900811     
   1.7201333333333333        33.829311577863734     
   1.5973796296296296        35.103742552633491     
   1.7298259259259261        34.477718576900770     
   2.3884305555555558        45.740845903161983     
   1.3038000000000001        43.778902257844152     
   1.0645222222222224        39.889193940399252     
   1.2422166666666667        44.820359817620329     
   1.8158212962962963        41.082361756978571     
  0.92509259259259269        31.057398190984486     
   1.7362972222222222        35.226653089889510     
   1.8223388888888887        39.371656527591938     
   1.5832907407407408        41.863860508539972     
   1.9160444444444444        39.076490638238795     
   2.0401250000000002        39.504969136023533     
   2.1254555555555559        39.312697943623562     
   2.4610499999999997        41.283182275061733     
  0.57671851851851841        37.794625927941922     
   1.7825564814814814        38.027701510910674     
   1.7699722222222223        34.012315383431996     
   1.8966138888888888        34.354277394346184     
   1.9901407407407408        37.537972605133234     
   2.0520472222222224        37.246372607899957     
   1.5203666666666666        34.270387635722557     
   1.7100740740740739        32.706937691316284     
   1.9756333333333334        34.226346752611505     
   2.1443842592592595        35.480062502723740     
   1.8998037037037037        36.637683457505489     
   1.3010944444444443        16.270563184610069     
   3.2468888888888889        40.563941879961305     
   1.6399435185185183        36.821016962308363     
   1.0881222222222222        29.592090025996526     
  0.68040833333333328        11.322725813703983     
   1.8704703703703702        28.430638098423003     
   1.8038333333333336        23.936223974286122     
   1.7490129629629629        28.211766878684159     
  0.37186111111111114        24.034708156894453     
  0.91353333333333342        27.699077379098242     
  0.76803703703703696        32.733384595829023     
  0.95210185185185181        30.124077239981489     
  0.89274166666666666        29.270640005384507     
  0.86344814814814808        23.909640396573820     
   1.2750694444444446        30.823318730864969     
  0.94779999999999998        27.471028646766513     
  0.41830092592592588        29.500979273465475     
 -0.29291851851851852        13.456664515901707     
  -6.3500000000000001E-002   27.561123313560813     
   1.0018574074074074        29.181924212255581     
  -4.7675000000000009E-002   21.724955936552817     
  0.49399999999999999        25.202258379592138     
  0.54244814814814823        24.815191990583003     
 -0.47046851851851851        16.201838575793772     
 -0.74447500000000000        12.096264722570254     
 -0.22215555555555558        10.490759418284881     
  -1.2271250000000000        11.547010233709045     
  -3.5614499999999998       -1.5291331817228979     
  -1.7625537037037038        0.0000000000000000     
  -2.3085962962962960       -2.3221363770853145     
 -0.61240833333333333        0.0000000000000000     
  -2.4362962962962964       -2.1397271501268165     
  -1.6300212962962963        0.0000000000000000     
  -3.8473999999999999       -1.5828494664576738     
  -2.9520675925925923        0.0000000000000000     
  -4.2646499999999996       -1.4167880866204996     
  -4.1437777777777782       -2.3238896492565004     
  -3.9291851851851849      -0.65314864376358628     
  -4.6297435185185183       -2.5563961339283878     
  -5.7896777777777784       -5.4581467795277945     
  -6.2619657407407399       -6.6992871370431430     
  -4.0661111111111117      -0.17482632188671232     
  -4.6745500000000000       -3.8073382638216344     
  -2.7023592592592589        0.0000000000000000     
  -3.3586888888888886       -1.0041258662342329     
  -5.2166222222222229       -5.4726700054886237     
  -7.6355833333333329       -9.1907057644367569     
  -8.2476055555555554       -10.351898114490382     
  -5.5239750000000001       -2.2122336342251856     
  -7.8547407407407412       -8.5296488201842067     
  -9.2429907407407406       -10.524007377331600     
  -8.1550833333333319       -6.7815673294886096     
  -10.608620370370371       -15.972893997609333     
  -11.651085185185185       -13.589668081514162     
  -9.6616138888888887       -9.1701798818983207     
  -12.067420370370371       -17.431671168025304     
  -9.6555787037037053       -10.620540370466699     
  -11.323644444444446       -15.398966108119680     
  -9.4878027777777785       -8.0453520400393472     
  -8.9791777777777781       -9.3402042175740689     
  -6.0794916666666667       -2.8972813273962856     
  -8.7762592592592590       -12.153680249083607     
  -14.899650925925926       -26.470953296305396     
  -18.063388888888891       -28.821174090657962     
  -19.458327777777782       -29.864151304439190     
  -19.849992592592592       -29.105145688848751     
  -17.338944444444447       -21.095407989295325     
  -17.848883333333333       -25.201606077350874     
  -19.272949074074074       -28.067029082765004     
  -19.477000000000000       -25.414899985451797     
  -15.578882407407406       -14.682515624757002     
  -18.632203703703702       -31.844873201829131     
  -15.677863888888888       -11.235795391879549     
  -14.529888888888888       -17.400005464983849     
  -18.753206481481481       -32.674613207293959     
  -7.0290166666666662        0.0000000000000000     
  -3.1455555555555557       -1.9741885838120652     
  -7.8617370370370381       -11.708112163705266     
  -13.570916666666667       -31.290176545901915     
  -15.758612962962964       -25.165694444678479     
  -15.371413888888888       -23.110919465789237     
  -19.002444444444443       -31.804669873109731     
  -19.890674074074074       -32.132441651901587     
  -22.381474074074070       -39.745600705823477     
  -24.088952777777777       -39.987864730231848     
  -24.147833333333331       -36.981323939325193     
  -24.224189814814817       -36.182558243019031     
  -19.299583333333331       -23.840519994550277     
  -18.778724074074074       -23.746245967085684     
  -23.173451851851855       -35.836754641582928     
  -27.068766666666665       -47.651777697443976     
  -29.681740740740739       -51.075678856920518     
  -25.447265740740743       -29.174659912389927     
  -21.427844444444446       -21.338385595863855     
  -19.472927777777780       -22.749691223332832     
  -19.323851851851849       -23.328113362546787     
  -22.068500000000004       -38.190170900122268     
  -23.123000000000001       -30.268634341802596     
  -19.706900925925925       -22.488185835849066     
  -16.450422222222223       -15.661117502013667     
  -22.202921296296296       -43.850868695113462     
  -23.517388888888892       -33.248585052702737     
  -26.584983333333334       -46.635760293582365     
  -30.455031481481477       -55.682375932110858     
  -26.308545370370368       -31.015495848757041     
  -23.830533333333335       -32.596512922667785     
  -25.965689814814816       -41.315079337892371     
  -25.744399999999999       -38.680467691779967     
  -24.960558333333335       -30.750091397218796     
  -17.669514814814814       -15.234267722319089     
  -14.340651851851852       -11.002738903671059     
  -13.502888888888890       -13.288241875693700     
  -15.345841666666667       -20.205163487173195     
  -14.629866666666668       -19.561245703142788     
  -15.016858333333333       -19.390711121472094     
  -19.861327777777781       -33.474246341639713     
  -20.862421296296297       -27.944015987954515     
  -17.234666666666666       -26.798934936799327     
  -19.568664814814817       -31.204343511230917     
  -20.411957407407407       -29.687098646802895     
  -19.556058333333333       -28.314642044766657     
  -25.826407407407405       -48.436788310887550     
  -28.200086111111109       -44.236290516262670     
  -22.611699999999999       -26.113240156588290     
  -25.541212962962963       -43.031094850673298     
  -17.006329629629629       -11.895583344800627     
  -16.578680555555554       -23.531659571171076     
  -21.737548148148150       -37.266990367210923     
  -23.289381481481481       -38.459211168005652     
  -23.422977777777778       -33.654138129039325     
  -22.817480555555559       -31.225299004404803     
  -21.343231481481478       -27.542916325950927     
  -21.546866666666666       -28.527334266542169     
  -21.263674074074075       -28.536614889163928     
  -22.981430555555555       -32.061986483796062     
  -24.967083333333335       -44.976697507494549     
  -24.342018518518518       -34.777696761760438     
  -23.702155555555557       -32.442096651291990     
  -25.138475000000000       -36.853103206470394     
  -23.996568518518519       -33.111073247338510     
  -22.315333333333331       -29.584917357691495     
  -21.604666666666667       -28.218194295480373     
  -22.157452777777777       -35.838923184557700     
  -17.707235185185187       -16.621865506794848     
  -20.821711111111110       -30.226634798591220     
  -22.510022222222222       -37.500475526605015     
  -20.710351851851851       -36.397148861858312     
  -15.608633333333332       -15.621593583405172     
  -15.811737962962962       -19.138774245304830     
  -24.992788888888892       -49.112564791195979     
  -26.129899999999999       -52.472456643921589     
  -26.414120370370370       -51.774489739717126     
  -23.947777777777780       -44.461193750448984     
  -21.756511111111109       -35.980167166884740     
  -24.500772222222221       -42.492750551993737     
  -23.041907407407411       -31.983692299365401     
  -23.545375000000003       -32.914820360083212     
  -21.001985185185184       -25.152581996189440     
  -19.787328703703704       -23.806615237384051     
  -25.412066666666668       -45.787119704922475     
  -22.945489814814813       -28.309781039039706     
  -17.891185185185186       -18.383707485595636     
  -18.381533333333334       -25.097672807839444     
  -15.091018518518519       -14.627003038905116     
  -16.810352777777776       -24.658153069615196     
  -16.348288888888892       -19.529288442049960     
  -21.436388888888889       -38.555704987710158     
  -21.058737037037037       -32.998837945184988     
  -18.718574999999998       -30.978097458328392     
  -19.905481481481480       -30.381123869370555     
  -25.150191666666665       -48.936300649338307     
  -27.226722222222225       -52.490428193809777     
  -25.153146296296296       -27.513779433374026     
  -21.192607407407404       -27.165275183731495     
  -18.377894444444443       -16.114079942387662     
  -21.839885185185185       -32.688253333336974     
  -27.785703703703703       -48.788720210010382     
  -32.486200000000004       -56.762290025979809     
  -30.015552777777778       -41.296442298508822     
  -31.140459259259259       -48.324710679972100     
  -26.675566666666668       -32.621657310010960     
  -30.247814814814816       -46.564008509050723     
  -31.365223148148150       -45.352258465879117     
  -20.958694444444447       -19.766157529935867     
  -16.265715740740738       -10.618249667652321     
  -17.240688888888890       -24.166804455349364     
  -19.174291666666669       -27.747480232391752     
  -22.479675925925925       -34.296177619122687     
  -19.901312037037037       -22.916909340993556     
  -14.628344444444444       -13.983087865569871     
  -13.144287962962963       -15.869283764328770     
  -16.984425925925926       -25.556032687541290     
  -8.8705805555555557       -2.7702771610983064     
  -4.0428740740740743        0.0000000000000000     
  -6.0801037037037045       -9.9010706438038483     
  -10.147466666666666       -17.608352508978385     
  -9.3564398148148147       -10.967271576361441     
  -7.4085222222222225       -10.154701881503286     
  -11.147050000000000       -19.736458933447096     
  -19.841327777777778       -49.811480198172262     
  -21.893468518518517       -43.347302238260397     
  -21.943111111111111       -34.722601921966316     
  -23.418040740740743       -39.435256615622393     
  -24.053868518518517       -45.911786072745258     
  -23.811400000000003       -43.701559183141313     
  -24.206625925925927       -42.332917838458314     
  -24.659759259259260       -37.269092253467818     
  -24.182327777777779       -34.475367156199667     
  -24.745878703703703       -35.045913744161879     
  -20.265725925925924       -18.235683413575146     
  -19.106988888888889       -31.490810649569397     
  -21.266527777777778       -29.218881458289815     
  -22.743999074074075       -33.007628757817912     
  -23.191299999999998       -29.960071181525677     
  -27.223219444444446       -51.665265162254485     
  -27.400061111111114       -44.434479923919952     
  -25.771722222222220       -37.834545582996498     
  -25.678785185185184       -37.707495659835331     
  -27.154925925925927       -41.224348159978064     
  -26.498488888888890       -32.535266528386700     
  -25.073037037037036       -35.477328846642479     
  -24.291055555555559       -30.297903021742172     
  -23.997650000000000       -29.878576254709088     
  -24.097000000000001       -30.208310884794088     
  -22.188039814814818       -29.466093935822755     
  -20.376466666666666       -26.725821256086419     
  -20.341476851851851       -28.253264070371074     
  -18.787612962962964       -20.968764498753217     
  -18.077272222222220       -17.373620484968797     
  -19.027100000000001       -25.377564194678655     
  -18.492809259259257       -23.422661956126575     
  -19.347749999999998       -27.736659646005506     
  -19.020620370370370       -24.047392200223641     
  -21.361829629629632       -30.059918425701426     
  -23.241163888888892       -30.237080367423033     
  -21.424509259259260       -28.010946780569242     
  -20.780851851851850       -31.053505656244624     
  -20.756744444444443       -28.625371632727337     
  -18.555737962962965       -20.488715759256479     
  -17.919374074074074       -24.873166766635819     
  -15.016841666666668       -15.003370289676297     
  -18.165518518518518       -25.031734228081774     
  -19.369394444444445       -23.493250688897660     
  -19.553244444444445       -26.515315971939884     
  -19.783926851851852       -25.348542032862497     
  -20.705833333333334       -30.127733629494088     
  -18.319763888888890       -21.292816565238667     
  -17.585951851851853       -15.027101955422381     
  -18.489214814814815       -17.810649773810468     
  -12.670266666666668       -4.9265764809807138     
  -14.004117592592594       -14.234417548693557     
  -15.104027777777777       -14.914837490696470     
  -13.256205555555557       -13.379181857807339     
  -14.731700000000000       -15.875857968985486     
  -12.233598148148149       -11.003250529669913     
  -14.510494444444443       -15.210541410307712     
  -16.726912037037035       -20.745738200941958     
  -16.722770370370370       -20.294632208295326     
  -15.314350000000001       -14.914738433444711     
  -11.975314814814816       -7.8699088755447519     
  -11.031650925925925       -10.818595016630582     
  -11.364611111111111       -13.178686366454713     
  -11.098424074074074       -14.782458150471541     
  -8.8457851851851856       -6.8646331087687713     
  -7.3999055555555557       -2.6877701367961890     
  -7.2916148148148157       -3.0633981411224340     
  -7.4137361111111098       -4.2010247711126567     
  -10.518683333333334       -12.166182782537703     
  -10.754063888888890       -12.549594568542261     
  -11.183640740740740       -9.2534936396488092     
  -7.7946777777777783       -1.0939309743570789     
  -4.9805277777777786        0.0000000000000000     
  -6.3768888888888888       -1.9830115223369376     
  -5.2407111111111107       -7.9054153173956365E-002
  -5.9506712962962958       -1.5527545569507311     
  -4.4994777777777779        0.0000000000000000     
  -1.8885833333333331        0.0000000000000000     
  -1.4134222222222224        0.0000000000000000     
 -0.47348148148148150        0.0000000000000000     
 -0.99997777777777774        0.0000000000000000     
 -0.87474259259259268        0.0000000000000000     
 -0.31222222222222223        0.0000000000000000     
  -1.9070638888888889        0.0000000000000000     
  -1.9133314814814817        0.0000000000000000     
 -0.42941851851851853        0.0000000000000000     
  0.12259999999999999        0.0000000000000000     
  0.39546296296296296      -0.96512507718006191     
  0.14639814814814817      -0.85099650313219399     
 -0.31641666666666668        0.0000000000000000     
  0.29766666666666663        0.0000000000000000     
  0.77480925925925925        0.0000000000000000     
  0.41433333333333333        0.0000000000000000     
  0.94479166666666670        0.0000000000000000     
  0.81984444444444449        0.0000000000000000     
  0.60675833333333340        0.0000000000000000     
   1.0325537037037038        0.0000000000000000     
   2.7601851851851850E-002   0.0000000000000000     
 -0.52746666666666664        0.0000000000000000     
  -1.6524592592592593       -2.0057614604702962     
  -1.0376796296296296      -0.42255330279084546     
 -0.84550000000000003       -2.3636444564210706     
 -0.62346296296296289        0.0000000000000000     
  -1.0073777777777777       -2.6876143039277736     
 -0.53266666666666662        0.0000000000000000     
   1.2869231481481480        0.0000000000000000     
   1.6179259259259260        0.0000000000000000     
   1.5407083333333333        0.0000000000000000     
   1.7257629629629627        0.0000000000000000     
   3.2032009259259260        0.0000000000000000     
   1.2573777777777779        0.0000000000000000     
  0.83197314814814805        0.0000000000000000     
   1.4578148148148149        0.0000000000000000     
   1.5166250000000001        0.0000000000000000     
   1.5971333333333333        0.0000000000000000     
   1.9663222222222221        0.0000000000000000     
   2.7073944444444447       -3.9522846733082770E-005
   1.8475740740740743       -5.7283476152260917E-005
   1.1041444444444446       -5.7436105196363397E-005
   2.1338611111111110       -5.7423985557270271E-005
   2.1573277777777777       -5.7424813866017627E-005
   1.5485296296296296       -5.7420338237719011E-005
  0.91766666666666685       -5.7418309070094040E-005
   4.6864953703703698       -5.7414665068635088E-005
   2.8033814814814813       -5.7414804666484069E-005
   1.3540666666666668       -5.7415264624277743E-005
   1.1197666666666666       -5.6854260479961888E-005
   1.5750046296296296       -5.7110793331781507E-005
   2.3458722222222219       -5.7189792084541665E-005
   1.3549231481481483       -5.7231760281859985E-005
   1.9548740740740738       -5.7246508930344211E-005
   2.0356250000000000       -5.7258766174299562E-005
   1.5217222222222222       -5.7269245638159183E-005
   1.6650287037037037       -5.7287295510677786E-005
   1.9761111111111114       -5.7302207072129850E-005
   1.9568712962962964       -5.7308577231043916E-005
   1.9344222222222220       -5.7319986462567127E-005
   2.0165972222222219       -5.7329621923867223E-005
   1.9401851851851852       -5.7337745322224508E-005
   1.6837842592592591       -5.7341211778527317E-005
   2.6468500000000001       -5.7347706094323241E-005
   1.2318981481481481       -5.7353334087229538E-005
   1.2201666666666666       -5.6524739669064153E-005
   1.4084388888888890       -5.6179407749074358E-005
   2.7137000000000002       -5.6689046691489012E-005
   1.1835314814814815       -5.6881041505933964E-005
   1.9021555555555554       -5.6944136366895168E-005
   1.8308472222222223       -5.7038072832073514E-005
   1.1757037037037037       -5.7105620616954180E-005
   1.0529833333333332       -5.7132829228742036E-005
   1.2529777777777777       -5.7156860571453616E-005
   1.7373712962962964       -5.7177675974556886E-005
  0.58991666666666664       -5.6860164290093609E-005
   2.6149796296296297       -5.6325581112123509E-005
   3.5801703703703707       -5.6940762515793894E-005
   2.5417166666666664       -5.7107029596120050E-005
   2.0088074074074074       -5.7170858907315994E-005
   2.5052685185185188       -5.7217960960599097E-005
   3.4630999999999998       -5.7253549735383736E-005
   2.7067250000000000       -5.7281635288109874E-005
   2.3451037037037037       -5.7304812208930475E-005
   2.1663555555555556       -5.7333987106020852E-005
   1.7750370370370370       -5.7348904757696172E-005
   1.7585407407407410       -5.7354791262360545E-005
   2.0058722222222221       -5.7366916445482354E-005
   1.1337574074074073       -5.7377296693295532E-005
   1.2126555555555556       -5.7381839253935111E-005
  0.45137499999999997       -5.7385854690867776E-005
  0.56183148148148154       -5.7385279472535243E-005
  0.49019537037037036       -5.5917815242197006E-005
 -0.46339999999999998        0.0000000000000000     
  0.78023611111111102       -5.6219568991706566E-005
  -7.5648148148148020E-003  -5.5394390599760732E-005
 -0.80835277777777770        0.0000000000000000     
  0.37012222222222219        0.0000000000000000     
   8.3768518518518520E-002  -4.2199773592685319E-005
  0.24343333333333336       -5.1738807934262568E-005
  0.31528703703703703       -5.3958437906879087E-005
 -0.45897777777777776        0.0000000000000000     
 -0.14627500000000002        0.0000000000000000     
  0.80351666666666666       -5.5697985014528167E-005
  0.47825648148148148       -5.6785848770288759E-005
 -0.17555555555555558        0.0000000000000000     
 -0.74944999999999995        0.0000000000000000     
  -5.3114814814814809E-002  -5.5671249593262666E-005
 -0.15520833333333336        0.0000000000000000     
 -0.29245185185185185        0.0000000000000000     
 -0.59729166666666667        0.0000000000000000     
 -0.49128333333333341        0.0000000000000000     
 -0.33663148148148148        0.0000000000000000     
  -1.0549629629629629        0.0000000000000000     
 -0.79559722222222229        0.0000000000000000     
 -0.88164814814814818        0.0000000000000000     
 -0.55624999999999991        0.0000000000000000     
  0.39520000000000000       -4.1297910052897232E-005
   3.2734259259259268E-002  -5.2119223824253579E-005
   7.9979629629629623E-002   0.0000000000000000     
  -1.7499444444444445        0.0000000000000000     
  -2.8976222222222221       -6.9410474442985901     
 -0.27646759259259257        0.0000000000000000     
  -1.4133722222222223       -1.8963888148676915     
  -5.3390259259259256       -14.322953265470971     
  -6.0238518518518518       -10.572635883306532     
   1.0653500000000000        0.0000000000000000     
   1.4743703703703706        0.0000000000000000     
  0.56247500000000006       -4.0077939122172466E-005
 -0.27443333333333331        0.0000000000000000     
  -1.1473842592592594       -4.6549591894128639     
  -1.5250074074074074        0.0000000000000000     
  -1.8259611111111114       -4.0221522867598765     
 -0.10288148148148149        0.0000000000000000     
 -0.76223518518518518        0.0000000000000000     
 -0.46724999999999994        0.0000000000000000     
 -0.67282407407407419        0.0000000000000000     
 -0.52261111111111114        0.0000000000000000     
  -1.4763888888888888       -7.3266968657715097     
  -1.3366777777777776      -0.26066181146200051     
 -0.79414351851851850        0.0000000000000000     
  -1.3974888888888888       -5.5143013303886050     
  -6.6357999999999997       -28.983598106907152     
  -7.8541148148148148       -24.233497376465834     
  -7.0782249999999998       -18.799623913543059     
  -7.6919814814814806       -15.296282029565305     
  -9.6537027777777791       -18.761654214953751     
  -11.472183333333334       -24.686623816440459     
  -12.376320370370371       -22.224192758219175     
  -12.833274074074074       -23.894114429720020     
  -13.661486111111110       -26.243421709939071     
  -16.630307407407408       -29.077812140688508     
  -16.726903703703705       -26.019204705222222     
  -3.1757999999999997        0.0000000000000000     
  -1.6621740740740742        0.0000000000000000     
  -4.4474722222222223       -6.3278555842750848     
  -6.8141750000000005       -11.830197469955010     
  -10.474918518518518       -23.804272969622417     
  -9.2138175925925943       -15.909348106850643     
  -8.8234888888888889       -15.731092483471798     
  -12.488916666666665       -19.131985670438127     
  -14.514514814814815       -29.408772252946164     
  -13.760725000000001       -22.345132858856800     
  -12.403868518518518       -17.138035249035170     
  -9.8593611111111112       -11.455549697144818     
  -8.9246666666666670       -12.992621539093022     
  -9.9140435185185183       -14.506452115760055     
  -9.8505203703703703       -18.600899850284662     
  -13.181327777777778       -31.996966782463289     
  -10.923225925925927       -19.300325854491177     
  -13.268259259259260       -26.783069338905847     
  -10.783200000000001       -16.337197371006539     
  -14.459839814814815       -32.603587128175207     
  -16.012066666666669       -32.098139204001825     
  -17.943686111111113       -33.435426357552586     
  -19.702453703703704       -34.237594075409902     
  -18.031816666666664       -26.941821446502331     
  -18.326466666666668       -31.425524747720573     
  -13.280988888888889       -14.188007856654792     
  -10.549374074074073       -14.872655456649966     
  -18.177125000000004       -40.933442620111606     
  -17.120125925925926       -35.702564273483659     
  -17.672616666666663       -31.245900689513974     
  -16.316350000000000       -29.066271145282968     
  -16.400100000000002       -28.816964529458119     
  -13.635999999999999       -17.636110703087695     
  -19.205494444444447       -44.894109799801299     
  -16.009753703703705       -28.635461609157488     
  -18.349862037037035       -33.594071703396821     
  -19.954266666666665       -36.218933509597917     
  -21.114773148148146       -35.556724912537675     
  -22.591227777777775       -32.924616649926151     
  -24.172111111111114       -38.562963899710098     
  -26.683103703703704       -43.125021445442371     
  -26.812714814814814       -41.333484254013712     
  -21.037638888888889       -24.061680859218882     
  -22.871112037037037       -33.022814168427630     
  -22.881303703703704       -33.818333706767419     
  -23.233775000000001       -36.869053011603540     
  -19.647038888888890       -26.778211770828364     
  -18.130958333333332       -25.052541958686675     
  -21.369399999999999       -42.827108440527439     
  -24.608228703703702       -41.873106722916276     
  -26.078157407407410       -39.811699360678745     
  -24.185413888888888       -32.836595000346989     
  -19.723481481481485       -38.112259661531567     
  -8.4276509259259260       -1.1473487684414749     
  -17.997850000000000       -40.474950953475854     
  -21.001371296296295       -40.212390994997605     
  -18.077240740740741       -23.872189982114776     
  -14.428972222222221       -15.072399887075278     
  -24.596988888888891       -51.113208165162888     
  -24.192567592592596       -55.350394578826212     
  -23.803422222222224       -33.080755779730993     
  -18.219378703703704       -22.451216073237987     
  -17.722203703703705       -24.754762855705621     
  -21.482358333333330       -41.561625562430407     
  -23.717540740740738       -47.952764347186815     
  -24.478402777777781       -48.511601764566052     
  -25.563016666666670       -49.940218738926404     
  -26.263472222222223       -45.327603699743435     
  -24.031822222222225       -38.507924219254761     
  -21.934725000000000       -34.128134800785745     
  -23.654607407407404       -45.582751978450688     
  -21.459835185185185       -37.890570893993669     
  -20.643999999999998       -35.114388684663396     
  -17.021387962962962       -23.797719588740932     
  -15.577101851851852       -22.264691293765338     
  -19.097036111111109       -31.907756753902078     
  -23.096955555555553       -41.629898629305501     
  -26.215138888888887       -44.126706100554287     
  -26.976238888888886       -42.191014802097357     
  -28.893612037037038       -47.982589983642157     
  -28.848362962962963       -46.380941565011966     
  -29.535408333333336       -46.669079350370424     
  -30.693648148148149       -52.755761271022834     
  -28.790440740740742       -44.809907272735103     
  -30.567733333333337       -50.296324224706638     
  -32.205689814814818       -54.382948379714009     
  -32.220020370370364       -51.873379155333510     
  -31.647625000000001       -49.685042800407786     
  -33.071262962962962       -51.009289349664584     
  -33.555523148148147       -51.805347477342139     
  -34.100916666666663       -51.528835863740625     
  -30.018267592592593       -38.546291715866090     
  -28.469000000000001       -40.535147221670627     
  -29.439163888888892       -45.684343880437893     
  -30.195048148148146       -46.394999832531681     
  -29.949267592592594       -44.072455935433055     
  -25.383755555555556       -30.312115888692574     
  -26.761921296296297       -41.448257359873111     
  -27.741005555555557       -41.744784424830897     
  -28.134325000000000       -44.807381022213605     
  -27.361644444444444       -39.531942523740980     
  -23.618130555555553       -32.184938361377135     
  -18.835500000000000       -20.090314984775944     
  -24.443115740740737       -43.478237050566321     
  -26.996144444444443       -43.423566169001361     
  -29.459299999999999       -49.517460689136414     
  -30.152577777777775       -48.363273666532962     
  -25.046092592592593       -24.713134681336868     
  -25.823866666666667       -43.722830032635272     
  -25.178160185185185       -39.745920915921602     
  -26.834724074074074       -44.969136409623815     
  -24.314950000000000       -30.676759712981720     
  -31.285500000000003       -55.662953487297159     
  -27.473561111111110       -38.072877842552487     
  -19.908872222222222       -25.123982142060726     
  -21.446537037037039       -36.755473164544611     
  -23.462511111111112       -37.460355383149391     
  -24.180416666666666       -36.890848063500840     
  -16.214918518518520       -11.762575533831523     
  -22.705378703703705       -36.104600499488555     
  -22.080433333333332       -30.423783727967276     
  -21.567370370370369       -30.019336480487880     
  -19.463333333333331       -24.428130763765012     
  -21.735886111111114       -34.468399387752726     
  -22.344829629629629       -32.593968861879944     
  -26.029409259259261       -44.405468065208339     
  -25.115950000000002       -34.373541335056814     
  -26.755712962962967       -45.176346643898654     
  -26.743003703703703       -37.515806515675280     
  -26.587700000000002       -39.270907255608194     
  -27.997507407407408       -44.081509761215102     
  -28.531116666666669       -40.302878809513061     
  -29.920666666666669       -46.290364247613667     
  -31.797596296296298       -51.917148739800069     
  -32.432729629629634       -51.969024929673139     
  -33.065824999999997       -50.212213738986378     
  -34.248070370370364       -54.341175422477107     
  -35.049069444444442       -57.064262090793250     
  -34.917105555555558       -49.695375776490891     
  -30.261087962962961       -38.971511581812422     
  -31.610985185185186       -47.546531899740444     
  -29.828663888888890       -40.556031926849613     
  -29.409944444444442       -46.977253153916593     
  -29.593264814814816       -49.809537565712304     
  -32.830333333333328       -51.209225801880422     
  -30.181760185185183       -40.209090821873588     
  -31.916024074074073       -50.645821039340831     
  -32.199763888888889       -48.792812896808016     
  -29.943703703703704       -42.072246771985505     
  -29.577794444444443       -43.202877467960576     
  -30.881561111111111       -46.004259946223215     
  -28.963612037037038       -35.250871101927174     
  -27.315277777777776       -34.711656567254551     
  -29.534624999999998       -49.376366010825393     
  -27.124631481481483       -31.743296260482367     
  -27.286489814814814       -36.528366458479496     
  -19.568399999999997       -15.304523835954740     
  -21.630842592592593       -32.378044845735189     
  -24.179970370370370       -34.302877053825398     
  -24.235680555555557       -31.721076349210108     
  -25.006503703703700       -34.866583394562213     
  -26.113368518518520       -36.309816013603893     
  -26.669083333333333       -38.942316720746646     
  -26.769024999999999       -36.425255131439940     
  -27.731422222222221       -38.574194284884328     
  -28.780669444444442       -40.300225176702639     
  -28.521322222222221       -38.828667897216633     
  -25.877087962962964       -27.305464771571451     
  -17.018522222222224       -12.081988499678573     
  -16.453564814814815       -18.212571126748230     
  -18.749531481481483       -27.400857481533450     
  -23.329883333333335       -37.118187626186739     
  -25.068962962962964       -36.667776295369208     
  -20.580615740740740       -19.716260217262032     
  -16.443705555555553       -17.437360901444094     
  -12.198358333333333       -6.1101299078598004     
  -12.572848148148148       -11.815348957440733     
  -16.309833333333334       -19.846687386049069     
  -11.425785185185184       -10.344480440886457     
  -11.965418518518518       -13.494550027481978     
  -17.150599999999997       -34.569969065545877     
  -17.936878703703705       -28.218475231224261     
  -16.932657407407408       -22.745556577675217     
  -16.161480555555553       -22.017826582921174     
  -12.684433333333335       -11.908370864192477     
  -16.343048148148149       -21.034310148620136     
  -17.478611111111110       -23.123931024149016     
  -18.024249999999999       -23.282281843615834     
  -17.102444444444444       -20.756941563277451     
  -16.452500000000001       -19.268834355131503     
  -15.227303703703704       -16.578099582283414     
  -11.764764814814814       -9.0238235725677782     
  -10.772833333333335       -8.5877124588300262     
  -9.0593074074074060       -4.7316469645362531     
  -9.0253629629629621       -9.2518221757756578     
  -9.9328916666666665       -12.189959383529242     
  -12.223866666666666       -17.706400773414970     
  -14.311129629629630       -22.898439144089110     
  -13.207516666666667       -19.598903974802397     
  -14.000120370370372       -19.367912375027799     
  -14.538185185185185       -17.785200082156223     
  -16.073063888888889       -20.052293670145787     
  -16.235268518518517       -18.794377447498988     
  -15.514936111111112       -16.981358775280228     
  -15.467933333333333       -16.724610799477659     
  -14.526074074074074       -14.375498763642724     
  -14.661329629629630       -16.858758120654613     
  -11.937625000000001       -11.028182748105792     
  -9.7142555555555550       -4.2252263622622763     
  -7.0429194444444443       -3.9101866431507801     
  -8.4311111111111110       -9.6970019886212526     
  -8.9365898148148144       -9.7000066809529812     
  -9.1553703703703704       -7.7416084019455411     
  -9.6891833333333341       -9.3185491688061575     
  -9.5703685185185190       -11.133874921194490     
  -9.5686296296296298       -8.7889692508471740     
  -6.1431000000000004       -2.2203171943118036     
  -4.0267777777777773        0.0000000000000000     
  -5.2277240740740742       -9.5727198069866404     
  -5.5595138888888895       -9.9791678762471747     
  -6.9522518518518517       -6.6762813506244356     
  -2.1875185185185186       -1.1317417967234178E-002
  -1.8762222222222222        0.0000000000000000     
  -3.1572157407407406       -4.6594517033815919     
  -3.4318222222222223       -5.6752959764731372     
  -1.9135916666666666       -3.3428326338678289     
  -1.0300074074074075       -1.8439904344611477     
  -1.0346018518518518       -3.5113467056036143     
 -0.68844444444444441       -3.1940152027385125     
  -2.8874324074074078       -8.0130828689259488     
  -2.2990999999999997       -6.3358204711737471     
  -1.5181861111111110       -3.2978961664124427     
   3.1333333333333338E-002  -7.9117889708003872     
  -5.3490740740740741E-002  -4.1331336047402942     
 -0.10355000000000000       -6.2992925575375125     
  0.53003240740740742       -8.3649765592742824     
   1.3153259259259258        0.0000000000000000     
   1.8259722222222223        0.0000000000000000     
   2.0607388888888889        0.0000000000000000     
   3.1755842592592591        0.0000000000000000     
   1.9237111111111111        0.0000000000000000     
   2.2294749999999999        0.0000000000000000     
   2.5157962962962963        0.0000000000000000     
   1.1287250000000000        0.0000000000000000     
   1.2753481481481481        0.0000000000000000     
   1.4259203703703704        0.0000000000000000     
   1.4666333333333332        0.0000000000000000     
  0.65708796296296290        0.0000000000000000     
   1.5494481481481481        0.0000000000000000     
   1.1990916666666667        0.0000000000000000     
  0.55178148148148143       -3.9761751375126615E-005
   1.4365712962962964       -5.0935589360328531E-005
   1.5216666666666669       -5.3961019242587965E-005
   1.2759833333333335       -5.5276258358536886E-005
   1.4447074074074073       -5.5847914690758156E-005
   1.0629833333333334       -5.6326938644283917E-005
   1.3051740740740740       -5.6908663607742980E-005
   1.3344675925925926       -5.7277731431805355E-005
   1.1616333333333333       -5.7385269440348539E-005
   2.1220055555555555       -5.7411142507665285E-005
   1.8661111111111113       -5.7391172451154776E-005
  0.60874999999999990        0.0000000000000000     
   1.9327592592592593       -5.6177521391031797E-005
   2.4731111111111113       -1.6648950420803511E-005
   2.4242222222222223       -7.9584136467027321E-006
  0.91119166666666662       -1.9444161765628056E-005
   1.6696222222222223       -4.4915308483361156E-005
   1.5545833333333334        0.0000000000000000     
   1.4027111111111110       -5.7420833460762174E-005
   1.2025777777777777       -5.4866457390472508E-005
   1.1614499999999999       -5.7241226544211487E-005
   2.3139157407407405       -5.6534045271536226E-005
   1.7652222222222222       -5.3759123602851734E-005
   2.5327583333333332       -5.6704096494883364E-005
   2.0222277777777777       -5.6574788361863364E-005
   1.7047990740740742       -5.5817797911143094E-005
   2.2363999999999997       -5.5795706702621671E-005
   2.3784861111111111       -5.6385031345560313E-005
   2.7768314814814814       -5.6728197694287477E-005
   3.2796000000000003       -5.6903599663788007E-005
   2.6848074074074075       -5.7009982415501538E-005
   2.6748250000000002       -5.7061616021781981E-005
   2.6584444444444442       -5.7121670447046009E-005
   1.0381694444444445       -5.7153054509061713E-005
   1.5814370370370370       -5.6342002807909812E-005
   1.2353722222222223       -5.6683791789860564E-005
   1.2239703703703704       -5.6829155780326316E-005
  0.81070833333333336       -5.6917360651310517E-005
   2.3307000000000002       -5.6979211580858639E-005
   2.1828361111111110       -5.7026148569848250E-005
   2.2383833333333336       -5.7063770267970283E-005
   1.6656222222222221       -5.7095027459828934E-005
   1.5884074074074075       -5.7108784916197376E-005
   2.1232972222222224       -5.7133628846674809E-005
   1.8818055555555557       -5.7155461254104889E-005
   1.7545000000000002       -5.7174750962516271E-005
   1.8749518518518518       -5.7191873530070077E-005
   1.7859583333333333       -5.7207283427444901E-005
   2.1154185185185184       -5.7214349579020033E-005
   1.5338712962962964       -5.7227847043116223E-005
   1.0968000000000000       -5.7240262608516822E-005
   1.1029685185185185       -5.7246055672461995E-005
   1.9917407407407406       -5.7251516361062284E-005
   1.7178777777777778       -5.7262015411732886E-005
 -0.56294074074074074        0.0000000000000000     
 -0.58176111111111106       -5.6003629116072116E-005
  0.49526666666666663       -5.6248374884038540E-005
   1.3839999999999999       -5.6649827218796709E-005
 -0.12462962962962963        0.0000000000000000     
  -2.3080555555555562E-002  -4.4812561842865584E-005
  0.11831851851851849        0.0000000000000000     
  0.53812777777777776       -4.1948356401221055E-005
   1.8620555555555556       -4.7257270074485513E-005
  -8.4605555555555545E-002  -4.9438510819691190E-005
  0.27886481481481484       -4.9635875025039414E-005
 -0.90290000000000004       -4.9616607202490085E-005
  0.92606666666666670       -5.0024075986160222E-005
  -1.2906249999999999        0.0000000000000000     
  0.13885000000000000       -5.0921419957763967E-005
  0.14117129629629629        0.0000000000000000     
  -1.7489259259259260        0.0000000000000000     
  -1.1363111111111110        0.0000000000000000     
 -0.14826851851851852        0.0000000000000000     
  -1.1678000000000002        0.0000000000000000     
  -1.3113999999999999        0.0000000000000000     
 -0.81200185185185181        0.0000000000000000     
  -1.1377629629629629        0.0000000000000000     
 -0.60950000000000004        0.0000000000000000     
 -0.87998888888888893        0.0000000000000000     
 -0.42698888888888892        0.0000000000000000     
 -0.95858888888888893        0.0000000000000000     
  -2.9686638888888890       -7.6826567945685724     
  -2.4228888888888891       -7.9928396093494030     
  -1.2909833333333334       -6.4117908367802556     
 -0.81677407407407399       -4.9592644302161943     
 -0.17367870370370370        0.0000000000000000     
 -0.68835555555555561        0.0000000000000000     
 -0.78883796296296294        0.0000000000000000     
  -2.9044611111111109       -12.714706527798000     
  -2.2612527777777780       -12.731376030529418     
  -1.9415925925925928       -17.230940486510235     
  -3.0540370370370371       -11.476594295497080     
  -1.9884999999999997       -3.1995983652391260     
  -1.9372703703703702       -4.3616372900191891     
  -1.7776888888888889       -5.5565086322148431     
  -2.2154361111111109       -8.2074803129025895     
  -3.8649018518518519       -12.159522702717084     
  -3.9271620370370366       -10.769006717562377     
  -3.0976666666666661       -9.6465123282263789     
  -3.5287148148148146       -12.662918721006918     
  -4.2835555555555560       -11.956517443717132     
  -4.2705583333333337       -8.6926255061652569     
  -1.3704629629629630       -1.3327248126838072     
  -2.7737083333333334       -6.6155699612612011     
  -4.8969944444444442       -10.467665443871454     
  -6.4183148148148153       -14.723822118259704     
  -7.4528518518518521       -18.957585767295967     
  -10.063708333333334       -28.322010602372387     
  -9.8220555555555542       -25.354875381683996     
  -9.0917379629629629       -27.225344162471401     
  -10.157266666666667       -15.044421484622148     
  -8.6271824074074086       -15.185231825480628     
  -8.9496944444444448       -14.432743800950334     
  -11.878452777777778       -21.118816435134988     
  -13.584155555555556       -22.403720813121055     
  -14.930302777777777       -23.724739528988493     
  -13.399477777777779       -18.221591018011139     
  -12.532319444444443       -19.425937795448675     
  -11.768877777777778       -18.901553004359442     
  -12.126925000000000       -15.637868865541634     
  -9.9531722222222214       -12.847105713853182     
  -12.348948148148148       -20.297201415817113     
  -12.364222222222223       -22.347402949364721     
  -10.527162037037037       -12.769153171999051     
  -12.412640740740740       -21.456313897513354     
  -11.132452777777779       -17.849585867779808     
  -11.539951851851852       -20.202859290993302     
  -9.8419907407407408       -12.947300208306331     
  -13.594066666666667       -23.717015473011344     
  -14.317249074074073       -20.202756262178610     
  -14.259125925925925       -19.724352104067265     
  -17.685444444444443       -30.250545139842842     
  -18.186009259259261       -26.670924920177328     
  -19.245041666666665       -31.286010695938046     
  -18.726933333333335       -26.292026077790922     
  -20.396886111111112       -32.318448693355606     
  -20.620009259259255       -31.597880933274524     
  -21.989083333333333       -35.640147619313638     
  -23.576355555555555       -39.362988514441810     
  -22.761093518518518       -29.160024210135560     
  -26.593377777777775       -46.651721390233689     
  -27.761583333333334       -44.909350386764572     
  -27.498907407407408       -42.173715250554750     
  -25.227519444444447       -34.410331577366009     
  -22.750027777777781       -28.607010294375243     
  -23.449154629629632       -31.481076462371675     
  -20.251600000000000       -24.253736557571699     
  -20.569861111111113       -27.922675368468532     
  -22.196574074074071       -37.114518041412708     
  -22.576172222222223       -38.266839443224370     
  -25.080274074074072       -44.100940854435208     
  -27.347236111111112       -43.876607172987008     
  -25.862138888888889       -37.593783005754403     
  -22.473941666666668       -29.291826162992550     
  -20.010437037037040       -27.057725464405905     
  -20.944600000000001       -31.714529961006633     
  -25.662003703703704       -44.003792013897851     
  -27.380601851851853       -43.929157378914937     
  -26.093855555555557       -38.398940546484909     
  -23.301998148148147       -29.005253320491192     
  -21.173109259259256       -26.360579589185932     
  -17.114788888888889       -19.934258470391882     
  -17.534074074074073       -28.214897740337847     
  -14.839277777777777       -21.378156769696346     
  -19.323116666666667       -28.292322196491114     
  -22.283401851851849       -38.528951792473521     
  -23.912922222222221       -35.819828470348170     
  -19.257069444444443       -18.407367925055922     
  -14.317872222222222       -10.934140395304610     
  -15.851988888888888       -20.954096218093923     
  -20.209799999999998       -28.415796974613869     
  -18.651434259259258       -24.903464284272559     
  -19.292944444444444       -27.145958622861968     
  -19.211050000000000       -24.606286683508586     
  -20.566933333333331       -29.228374895524809     
  -21.880648148148147       -36.579086046414943     
  -23.731355555555556       -38.152055484718346     
  -24.057509259259259       -38.099922682968639     
  -23.648133333333334       -32.187521771053468     
  -22.659772222222223       -31.935561149283984     
  -24.628055555555555       -33.894538393627016     
  -22.385239814814817       -28.745484915125417     
  -26.802000000000000       -47.028051721821811     
  -27.597085185185183       -46.229604541834618     
  -27.595438888888889       -37.533321394565974     
  -26.982869444444443       -40.768583673551603     
  -27.564762962962966       -37.582080403579113     
  -25.934560185185187       -35.469563938803361     
  -25.803983333333335       -37.476561725739856     
  -27.265516666666670       -42.694671088271974     
  -28.145440740740739       -43.441560890841885     
  -29.869524999999999       -46.014461809349342     
  -30.930657407407409       -45.999256059223967     
  -28.772340740740741       -39.495487981515708     
  -28.140911111111109       -38.833594774973335     
  -28.594989814814816       -42.210714478332761     
  -32.082079629629632       -50.049231469312531     
  -33.470125000000003       -51.871539904364539     
  -33.490925925925922       -50.012692734055804     
  -31.972170370370371       -45.763656687522911     
  -31.468299999999999       -43.983578325581846     
  -30.777594444444443       -43.142326821815630     
  -30.552407407407408       -41.583605764734642     
  -29.446033333333336       -39.829809281496523     
  -30.375192592592594       -45.033513721442461     
  -33.540622222222225       -53.546712310747125     
  -35.095300000000002       -55.658824141706958     
  -34.334138888888887       -49.141012225763234     
  -32.962422222222223       -47.359416473199758     
  -34.765916666666669       -52.480772760497473     
  -35.277444444444441       -54.778164967573872     
  -34.673059259259261       -51.826548335025677     
  -35.554055555555557       -53.141615055486938     
  -34.223425925925923       -49.586123295363819     
  -35.064740740740739       -51.909660891818135     
  -35.282899999999998       -52.972790449960087     
  -30.015355555555555       -27.586279997466079     
  -15.609962962962964       -2.4490674310608256     
  -14.357333333333335       -15.199682110394917     
  -23.623661111111112       -33.378247064186041     
  -22.336348148148147       -26.161246343131381     
  -27.346386111111112       -41.083649402241235     
  -30.384499999999999       -47.947933943665305     
  -29.438908333333334       -43.535467030976719     
  -30.574105555555555       -49.297694081197761     
  -30.071949074074073       -44.598662609244144     
  -30.966629629629630       -47.472939432627413     
  -31.542375000000003       -47.908288206705322     
  -33.533612962962962       -54.834438282489771     
  -30.973004629629632       -41.590261910673149     
  -29.304677777777776       -40.730794593387401     
  -30.636560185185182       -45.518863419781212     
  -26.774712962962962       -33.521739488133733     
  -31.809597222222223       -51.731185327507234     
  -34.139577777777774       -54.459054356496551     
  -34.054824074074077       -49.452138509170766     
  -28.908066666666667       -35.809602304353461     
  -25.935055555555557       -31.299531561592289     
  -26.844692592592590       -33.572970474164663     
  -26.815955555555558       -37.891856694556907     
  -28.576983333333331       -43.779554801401872     
  -28.951048148148146       -42.173684116252019     
  -25.889888888888891       -32.629767051426398     
  -23.108998148148146       -30.346361402739063     
  -19.166079629629628       -18.685154897687795     
  -18.395191666666665       -22.502278967447950     
  -20.805918518518517       -28.691549985863077     
  -19.413824074074075       -23.975993651266748     
  -17.756277777777779       -16.742779076216266     
  -17.020632407407408       -21.544378014018434     
  -15.410414814814816       -17.319797077875762     
  -19.117294444444443       -28.108970357708472     
  -25.726768518518519       -50.894246337214582     
  -25.410592592592593       -39.541371975390661     
  -23.521699999999999       -38.569732698552372     
  -23.967124999999999       -41.426767265733247     
  -30.164961111111111       -54.707793759050276     
  -28.599958333333333       -50.178300042387832     
  -19.951718518518518       -22.210784649630284     
  -20.054798148148148       -29.060977905051317     
  -22.324544444444445       -36.190133956009277     
  -24.602018518518520       -37.118880819580312     
  -23.292555555555555       -42.145032287786734     
  -26.870558333333335       -45.297502554085185     
  -30.537827777777775       -52.913602561131171     
  -30.152599074074075       -46.780624261912834     
  -26.673488888888887       -34.025066382434915     
  -27.063578703703705       -40.121347296086299     
  -27.720605555555554       -38.600345672604249     
  -21.917516666666668       -27.840011169374066     
  -22.089888888888886       -33.644865183598284     
  -20.215516666666666       -32.740841333127179     
  -21.303416666666667       -35.219999938720377     
  -24.786064814814814       -43.484463605202563     
  -25.792629629629630       -41.039236546335218     
  -26.089316666666669       -38.314003601940215     
  -25.238216666666666       -36.777397858938627     
  -26.301310185185184       -34.427637436781879     
  -24.599344444444448       -35.230121303355929     
  -24.895211111111113       -31.942116094276798     
  -25.961420370370369       -39.655535601127127     
  -26.697450000000000       -36.906539007212046     
  -24.339148148148148       -32.173654985233554     
  -22.315751851851850       -25.879780009506675     
  -22.923288888888887       -31.193419630303396     
  -23.126225000000002       -31.460298653632691     
  -21.557474074074072       -25.508041628032998     
  -20.363375000000001       -22.386072666168900     
  -19.105459259259256       -16.911065051313869     
  -17.658200925925925       -19.181927967772509     
  -18.254533333333335       -19.786834043741379     
  -14.970451851851854       -13.428844304549955     
  -16.824277777777777       -20.949361932385330     
  -11.258666666666667       -5.2785244733867671     
  -10.148837037037037       -6.9325938696842400     
  -14.186179629629629       -22.829035956426935     
  -14.970194444444443       -18.521510341743578     
  -19.102277777777779       -29.542709580451401     
  -16.824251851851852       -17.675296714276897     
  -17.677283333333335       -22.812039351332885     
  -18.456190740740741       -24.487871260881491     
  -17.966792592592594       -21.462247298260195     
  -14.351888888888890       -10.540151493035012     
  -16.104999074074072       -21.735982544075227     
  -17.973646296296295       -25.612784843846299     
  -16.419811111111109       -20.554995726829759     
  -16.556088888888887       -20.432697699771268     
  -9.0244537037037027        0.0000000000000000     
  -11.522000000000002       -16.491343194217279     
  -14.262350925925926       -20.355864498277299     
  -13.887874074074075       -19.892183311040668     
  -12.192533333333333       -15.572911092739730     
  -11.821435185185184       -17.437519170980721     
  -13.195419444444445       -20.560312198032165     
  -13.485444444444445       -18.585127027486578     
  -11.961390740740741       -13.728658399075300     
  -12.971479629629631       -15.928352406412387     
  -13.639083333333335       -12.235250727050186     
  -14.761385185185185       -19.343937858725127     
  -14.359018518518518       -15.905292022347453     
  -13.755266666666667       -15.190113397211178     
  -12.936861111111112       -14.842161441955852     
  -12.387777777777778       -14.178558928369853     
  -11.711638888888888       -13.321546656829582     
  -10.351098148148148       -10.550704529260599     
  -9.9482953703703689       -10.504916893408847     
  -10.516699999999998       -10.454823420512241     
  -10.666277777777777       -10.279540169887298     
  -10.975846296296297       -9.4168988350958784     
  -11.681963888888889       -10.734357742223438     
  -11.085274074074073       -9.8421967429936785     
  -7.5631240740740742       -5.4748208542011412     
 -0.88658333333333339        0.0000000000000000     
  -2.3802138888888886        0.0000000000000000     
 -0.45184814814814817        0.0000000000000000     
 -0.55842500000000006        0.0000000000000000     
 -0.17858888888888888        0.0000000000000000     
  -1.0618379629629631        0.0000000000000000     
  -1.3115555555555554        0.0000000000000000     
 -0.53624259259259266        0.0000000000000000     
  0.68133703703703707        0.0000000000000000     
  0.79175277777777786        0.0000000000000000     
   1.2886481481481482        0.0000000000000000     
  0.69161296296296293        0.0000000000000000     
  -1.1266333333333332        0.0000000000000000     
  -1.2954018518518520        0.0000000000000000     
 -0.74605925925925931        0.0000000000000000     
 -0.59230555555555553        0.0000000000000000     
  -4.0746296296296301E-002   0.0000000000000000     
  -1.2768120370370371       -3.7948435416049051     
  -1.6903000000000001       -5.0177043330493234     
  -2.4287046296296291       -2.9746898255904171     
  0.86422222222222222        0.0000000000000000     
   1.2585833333333332        0.0000000000000000     
  0.53493333333333337        0.0000000000000000     
  0.90443055555555563        0.0000000000000000     
   1.2288888888888889        0.0000000000000000     
 -0.42296759259259259        0.0000000000000000     
 -0.14499629629629629        0.0000000000000000     
  0.35013333333333330        0.0000000000000000     
   1.2509888888888887        0.0000000000000000     
   1.0524398148148149        0.0000000000000000     
  0.66200000000000003        0.0000000000000000     
   1.0333092592592592        0.0000000000000000     
  0.63857777777777780        0.0000000000000000     
  0.40731388888888886       -4.9408697083483905E-005
  0.44794074074074081       -5.3159699379342495E-005
  0.63453703703703712       -4.2163812685936758E-005
   1.5442055555555556       -5.2895079407562720E-005
   1.6563703703703703       -5.6119439256062590E-005
   1.9157999999999999       -5.6945183459806270E-005
   1.9610583333333336       -5.7280223021184752E-005
   2.0643425925925927       -5.7289434644230085E-005
   1.9237564814814814       -5.7342556675253109E-005
   2.0408333333333335       -5.7339794757083855E-005
   2.1637092592592593       -5.7415634286148674E-005
  0.71460555555555549       -5.7405258959033155E-005
   1.2462500000000001       -5.6180928127816085E-005
  0.69386666666666663       -5.6977517386499590E-005
  0.38705925925925933       -5.7404143894239272E-005
   2.0556166666666664       -5.7438678653909987E-005
   3.3625620370370370       -5.6538291854324142E-005
   3.8326851851851855       -5.4042170297050315E-005
  0.26350833333333334       -5.3149198601464717E-005
  0.80210185185185179       -5.4723634533782273E-005
  0.83905648148148149       -5.7433009759583804E-005
   1.7229333333333334       -5.4406173407424027E-005
   1.0735509259259262       -5.5100257133833537E-005
  0.69881481481481478       -5.5238014360491504E-005
  0.60950000000000004       -5.3062696741241363E-005
   1.7559666666666667       -5.7218647708736072E-005
   1.4851157407407407       -5.7167920743608944E-005
   1.5834722222222222       -5.7207556304257647E-005
  0.85649907407407411       -5.7221196923621215E-005
   1.0989111111111109       -5.7224863164151218E-005
   1.3088250000000001       -5.7236907170360979E-005
   1.2495722222222223       -5.7246674918808924E-005
  0.81837037037037030       -5.5812934250078402E-005
  0.14949999999999999        0.0000000000000000     
   1.5415342592592594        0.0000000000000000     
   1.0696648148148147       -5.5206072959885007E-005
  0.87333611111111120       -5.4946369939559203E-005
  0.66425925925925933       -5.2624945783612956E-005
   1.1427888888888889       -5.4201460877077860E-005
   1.4590666666666665       -5.4669477800269464E-005
  -9.3379629629629646E-003  -5.5926953312621131E-005
   1.6194592592592594       -5.6034634357166357E-005
   2.4819583333333335       -5.7153825706371027E-005
   2.0011111111111111E-002  -5.7017797535229914E-005
  0.32403333333333340       -5.7014026895176048E-005
 -0.30433333333333334        0.0000000000000000     
 -0.37158981481481479        0.0000000000000000     
  -1.0304722222222222        0.0000000000000000     
 -0.81183333333333341        0.0000000000000000     
 -0.45113703703703706        0.0000000000000000     
 -0.10379722222222224        0.0000000000000000     
  0.22455000000000000       -1.8958167587079201E-008
  -1.2736296296296297       -1.8172546741863091E-008
 -0.10446666666666668        0.0000000000000000     
 -0.59123333333333328        0.0000000000000000     
 -0.91383333333333339        0.0000000000000000     
 -0.78343703703703704       -5.3892468213657168E-005
 -0.47716666666666663       -5.4878856250565479E-005
  -1.0745888888888888        0.0000000000000000     
  0.52500000000000002        0.0000000000000000     
  0.51772499999999999       -5.3305055057159947E-005
 -0.48114074074074070       -4.8282708292100037E-005
 -0.80765740740740732        0.0000000000000000     
 -0.26852222222222222       -4.8318000325776001E-005
 -0.90308703703703719       -4.8522849695591916E-005
  0.24159259259259258       -4.8380821295626574E-005
 -0.28291666666666671        0.0000000000000000     
 -0.76262962962962966        0.0000000000000000     
 -0.46020833333333327       -5.1573497234749383E-005
  0.89806666666666668       -5.1570413367892930E-005
   1.8125509259259258       -5.4928490595151987E-005
  0.64004814814814814       -5.4928330013860890E-005
  0.19072222222222224       -5.4928201328118517E-005
 -0.33054074074074075        0.0000000000000000     
  0.30202592592592592        0.0000000000000000     
   3.8083333333333330E-002   0.0000000000000000     
 -0.45267962962962960      -0.26780556815089085     
 -0.50881481481481483       -6.6371074632376690     
  -1.4544500000000000        0.0000000000000000     
  -1.9280425925925926       -1.7006532419343330     
  -1.6779222222222223       -4.8969916394293591     
  -2.0601666666666665       -2.9396868493730608     
  -1.4531574074074074       -9.0324830787928363     
 -0.29410370370370365        0.0000000000000000     
 -0.12281944444444444        0.0000000000000000     
 -0.56694074074074075      -0.79372653028264040     
  0.23125833333333334        0.0000000000000000     
 -0.83824999999999994       -6.7109819845989591     
 -0.82968981481481474       -7.6470769666016736     
  -1.5287777777777778       -11.799045846301397     
  -1.5649416666666667       -10.287104899236624     
  0.70882592592592586       -5.4773502534591216     
 -0.25791203703703702       -5.4319098875956229     
  -1.2962444444444443       -13.715954536240133     
 -0.36479351851851854       -11.778811684051334     
   3.3979629629629630E-002  -9.5981511899767611     
 -0.64515833333333339       -8.9502116659863304     
  -2.1137777777777780       -14.805084182079781     
  -2.8174527777777776       -19.840209655474240     
  -3.6222555555555558       -26.093590380080457     
  -3.9485101851851852       -19.797631245445274     
 -0.98159259259259246       -11.021530781908496     
  -1.4217361111111111       -10.630948635652260     
  -3.2491333333333334       -18.724838582478839     
  -3.3908453703703705       -17.639283477299330     
 -0.50009999999999999       -13.215622801379880     
  -2.1156731481481481       -16.956694334768599     
  -2.4397870370370369       -14.840695340069544     
  -4.0353138888888891       -47.961234460459167     
  -7.0253333333333332       -96.047147880700862     
  -5.6105981481481475       -67.548393925598646     
  -4.4377055555555556       -14.793360314742415     
  -6.3469027777777773       -43.539192393017345     
  -7.4370999999999992       -65.729798909072457     
  -9.2831083333333329       -54.293748999016344     
  -8.6156129629629614       -22.192877203161629     
  -5.8223324074074077       -19.593534976188209     
  -8.0622222222222213       -24.239026980687896     
  -12.039693518518519       -40.625106784474298     
  -11.335853703703703       -25.543876561425236     
  -7.3459361111111106       -16.358373137178035     
  -6.8815925925925923       -15.457221600786056     
  -9.0833981481481487       -26.815903622950771     
  -10.677766666666667       -27.494748371406757     
  -5.9635805555555557       -10.175496878952345     
  -6.9647629629629630       -11.877359766732752     
  -11.335836111111112       -23.425767349502621     
  -14.691046296296296       -35.930180454981951     
  -18.029745370370371       -42.905601446482109     
  -18.563633333333332       -45.388480303886666     
  -12.331054629629630       -22.888952982711885     
  -8.3788944444444446       -10.620974776399351     
  -13.970499999999999       -23.008752459978837     
  -14.476503703703703       -21.217757590009427     
  -13.629332407407405       -16.994612899836227     
  -6.3896999999999995       -1.9347872501094798     
  -16.599668518518520       -37.433060302548171     
  -18.880148148148148       -44.177180305863232     
  -18.151508333333332       -29.737674479938931     
  -17.897696296296296       -32.368428126142192     
  -19.418659259259261       -31.742675575517552     
  -18.880333333333336       -29.523135237991141     
  -14.973550925925926       -18.791010213090459     
  -17.383140740740739       -24.665072411936819     
  -18.095569444444447       -27.646700162312413     
  -19.358107407407410       -33.214812339922986     
  -18.081073148148146       -29.580368037728249     
  -20.627222222222223       -32.044769051934423     
  -19.475050925925927       -26.957613661821171     
  -20.555711111111112       -30.415823505988300     
  -18.709200000000003       -27.104103371430170     
  -11.821781481481482       -9.9756739541859929     
  -12.560675925925926       -15.199638721468830     
  -14.584455555555556       -20.573237533477311     
  -17.059755555555554       -25.294798399658475     
  -19.531757407407408       -33.198420309149981     
  -15.877450000000000       -18.936047324091788     
  -16.471074074074075       -26.491296290591748     
  -20.985168518518517       -39.392414829640558     
  -23.614799999999999       -41.642101840753753     
  -24.828130555555560       -46.592307840996710     
  -25.023203703703704       -41.948020880954459     
  -20.614236111111111       -22.272165720520633     
  -15.678642592592594       -13.158472301552422     
  -15.999961111111112       -28.629360575292480     
  -21.554866666666666       -41.966920456561894     
  -17.159544444444442       -21.191041786035896     
  -19.941361111111110       -31.217986160271664     
  -19.952300000000001       -36.891045701582527     
  -16.627940740740740       -20.965453964925416     
  -18.517898148148149       -29.580964054141617     
  -20.575838888888889       -33.944424160135270     
  -21.492995370370373       -34.146704759564670     
  -25.283288888888887       -47.906931956318061     
  -24.604527777777779       -51.485754210153857     
  -20.771500000000000       -32.439269059034103     
  -23.033687962962961       -40.592692163688582     
  -22.946500000000004       -34.951346395574859     
  -22.907771296296296       -29.263383819928748     
  -24.631114814814818       -43.517685362432644     
  -21.006149999999998       -22.886717610861922     
  -11.537696296296295       -13.499299135690762     
  -10.086986111111111       -9.3761849253384639     
  -18.503900000000002       -35.708866328074578     
  -18.386528703703704       -33.342821413024268     
  -11.889403703703703       -10.054520171456090     
  -11.536300000000001       -16.020703611610031     
  -15.786925925925928       -24.331488899104755     
  -16.836087037037039       -26.859699813656107     
  -17.676800000000000       -32.158251716600375     
  -17.718025000000001       -34.654724851766559     
  -22.473429629629631       -47.754917969781928     
  -20.324416666666668       -35.425514750350914     
  -22.481044444444443       -43.550543830453620     
  -21.611512962962962       -36.291056280170181     
  -26.265716666666670       -53.217505024931370     
  -23.095301851851854       -28.827554536322936     
  -23.444962962962965       -34.791026647337446     
  -25.281336111111113       -38.889418849534366     
  -29.137451851851853       -48.471599510203873     
  -23.479249074074069       -22.274569537051462     
  -17.256533333333334       -18.959002529443950     
  -20.764731481481480       -38.736098702881378     
  -21.064231481481482       -38.335640502553133     
  -20.825250000000000       -32.400239676496824     
  -21.172748148148145       -31.709112005096472     
  -20.424729629629628       -24.373292702021331     
  -22.155444444444445       -42.522743686365601     
  -24.253842592592591       -46.271417315096045     
  -24.785755555555557       -43.555906717494565     
  -24.712083333333332       -43.470674302654970     
  -26.367198148148148       -41.318958006021148     
  -27.419819444444443       -38.755528557886038     
  -20.047599999999999       -15.689198675146258     
  -18.557189814814812       -32.000769629615775     
  -15.263546296296298       -17.055685551774218     
  -18.012402777777780       -24.410157295051448     
  -23.797388888888889       -43.617727553733801     
  -24.683433333333333       -45.470358596773934     
  -25.038366666666668       -45.104238560442525     
  -20.007474999999999       -28.657415408360919     
  -20.115385185185186       -32.679759607740721     
  -19.719541666666665       -27.350641067071393     
  -17.327331481481483       -16.957416218826268     
  -21.227114814814815       -32.129016378289009     
  -20.427944444444442       -31.576760535979133     
  -22.523771296296296       -37.348305437503768     
  -18.170092592592592       -21.008971529673261     
  -21.354516666666665       -36.831668302277819     
  -25.908466666666669       -46.439806403521118     
  -27.397207407407404       -45.176510952985609     
  -24.993683333333333       -36.846848886351069     
  -29.215050925925926       -49.848854776682714     
  -29.335422222222221       -47.850988738198339     
  -30.550361111111108       -53.211544451733062     
  -30.503305555555556       -54.584545687196567     
  -27.538409259259261       -57.316235610543259     
  -31.542888888888889       -54.888103498759222     
  -31.214209259259260       -47.670903562139245     
  -32.369812962962968       -56.962822074896877     
  -33.368625000000002       -56.352633733617523     
  -34.583211111111112       -52.512960661132922     
  -33.929472222222223       -46.329538109178742     
  -29.359677777777776       -30.841978559800509     
  -30.525924999999997       -47.441914792101358     
  -28.237614814814815       -38.877388499391373     
  -25.354138888888887       -41.109947525564451     
  -27.584074074074074       -51.096461210560932     
  -23.316352777777777       -26.725648242652852     
  -23.242166666666662       -36.297796400324017     
  -26.723562962962959       -50.402006046620130     
  -28.532125925925925       -44.907480301516728     
  -18.687833333333330       -16.796493629962981     
  -11.246437037037037       -6.7744367916440638     
  -15.620183333333333       -21.983800725007484     
  -22.144316666666665       -42.776260239793601     
  -26.117115740740740       -48.186474442534603     
  -17.024351851851851       -10.779616181202471     
  -17.421424999999999       -24.877121363826546     
  -24.920290740740739       -49.599143647757842     
  -26.882950000000001       -52.218732067573029     
  -27.354511111111108       -51.242567242264300     
  -28.461347222222223       -53.834226060649200     
  -28.290866666666670       -52.504350835312522     
  -26.440597222222220       -47.505316163125201     
  -26.343574074074077       -48.422373093605501     
  -26.885650925925926       -47.774676811166898     
  -26.488250000000001       -47.132651664731526     
  -28.789758333333332       -53.857228183084089     
  -28.574222222222225       -46.517497080873852     
  -30.194202777777775       -53.701641679143790     
  -32.272953703703706       -58.870611687502617     
  -28.202796296296299       -45.101096761056994     
  -26.599488888888889       -44.634603803278594     
  -27.068467592592590       -46.267187801376366     
  -28.592005555555552       -44.725982528786346     
  -27.284733333333335       -39.188962507210022     
  -26.526888888888887       -39.042452595173359     
  -23.501208333333331       -27.544713599514211     
  -24.358166666666669       -37.939998511719239     
  -21.471147222222221       -27.355993598078726     
  -20.096348148148149       -29.417230867327589     
  -20.548833333333334       -27.412880006027336     
  -24.682890740740739       -48.063372677464002     
  -26.969935185185186       -48.002659939412382     
  -28.276800000000001       -48.859370108855586     
  -29.088669444444445       -52.658244005097799     
  -27.523481481481479       -50.042144062716460     
  -27.299052777777781       -50.836524919609388     
  -26.273325925925928       -47.611565150408609     
  -23.085873148148149       -33.050007419019465     
  -20.257061111111113       -29.065849110758109     
  -22.172990740740740       -39.111016528817771     
  -20.510814814814815       -28.865543119543986     
  -21.640200000000000       -37.578098954109748     
  -22.850531481481482       -31.938368669321250     
  -21.045884259259257       -29.802456695899508     
  -22.546166666666664       -41.447229870519692     
  -23.805732407407412       -43.981107827421027     
  -24.512025925925922       -44.016776758383827     
  -22.999272222222224       -40.259316776990062     
  -19.963851851851853       -31.343647163723716     
  -15.099625000000000       -15.049237732671372     
  -13.859533333333331       -14.835650923100729     
  -16.848239814814818       -27.843920525664316     
  -18.286844444444448       -29.299229077134925     
  -18.461055555555557       -28.610508099254560     
  -18.372712962962964       -27.180011603801717     
  -16.833468518518515       -23.443070956106567     
  -14.796933333333335       -15.300648718710590     
  -15.664287037037038       -24.317852748367841     
  -16.532750000000000       -21.578037847842438     
  -15.126833333333334       -15.888012933810842     
  -10.665325925925927       -12.626902154434731     
  -6.9142703703703710      -0.56654982407462740     
 -0.77673888888888887        0.0000000000000000     
  -9.3044175925925927       -19.990437622808429     
  -5.6975555555555557       -2.2195532255340140     
 -0.56300833333333333        0.0000000000000000     
  -4.9934814814814814       -11.595089042147606     
  -9.4615342592592580       -24.178084946554208     
  -9.0068999999999981       -18.812713917503828     
  -9.2921388888888892       -14.555090391135195     
  -8.7278740740740748       -14.714633784480668     
  -9.3746833333333317       -15.493075937689582     
  -10.713703703703704       -17.091516628032196     
  -9.2815092592592592       -11.135309092692012     
  -9.5297222222222224       -15.058162598753540     
  -10.022755555555555       -17.909956230816789     
  -10.965155555555556       -17.194372845155044     
  -10.069516666666667       -17.390993040216529     
  -6.5593518518518517       -4.6396133445302326     
  -8.3324953703703706       -14.262081342972863     
  -5.6001333333333330       -9.4194517832852398     
  -6.4013231481481476       -10.621361768972918     
  -6.6367814814814814       -10.910370138492794     
  -1.5035416666666666        0.0000000000000000     
   9.7277777777777769E-002   0.0000000000000000     
  -7.6813888888888904E-002  -1.9905352381819625     
  0.48325000000000007        0.0000000000000000     
 -0.32334907407407404       -3.0482382964356702     
  -4.6235333333333335       -17.642798970749396     
  -2.1727916666666669       -8.4338617897568611     
  0.28315000000000001        0.0000000000000000     
  -3.5975925925925939E-002  -2.9406980252701374     
 -0.19370000000000001       -6.7388193903366300     
 -0.32508333333333334       -1.0482431490865451     
   1.0000000000000009E-002  -3.4687836543702133     
 -0.46025000000000005       -2.5661922370630350     
  -2.8585185185185186E-002   0.0000000000000000     
  0.35445648148148146       -5.0542394389818242     
 -0.27418888888888887       -6.7992861355180594     
 -0.22617129629629629       -9.6609191699901658     
  0.40911481481481482       -6.1395498240676147     
   1.1047388888888889       -3.3754086432560371     
   1.1897962962962962       -1.8208012426632649     
  0.66989907407407401        0.0000000000000000     
  0.74100000000000010        0.0000000000000000     
  0.46358518518518521        0.0000000000000000     
  0.82057592592592588        0.0000000000000000     
  0.45394444444444448        0.0000000000000000     
  0.99481851851851855        0.0000000000000000     
  0.58896296296296291        0.0000000000000000     
   1.5202000000000000        0.0000000000000000     
   1.6666537037037037        0.0000000000000000     
  0.82294814814814821        0.0000000000000000     
   1.5809833333333334        0.0000000000000000     
   1.5119074074074075        0.0000000000000000     
  0.89802777777777787        0.0000000000000000     
   1.5081777777777778        0.0000000000000000     
   1.2159648148148150        0.0000000000000000     
   1.5531796296296294        0.0000000000000000     
   1.0536527777777778        0.0000000000000000     
   1.4162888888888889        0.0000000000000000     
   1.2157527777777779        0.0000000000000000     
   1.4860000000000000        0.0000000000000000     
   1.7646101851851852        0.0000000000000000     
   1.2737222222222222        0.0000000000000000     
   1.7258666666666667        0.0000000000000000     
   1.7116166666666668        0.0000000000000000     
  0.60075555555555560       -4.0296722669839574E-005
  0.57084444444444449       -4.9676473607619028E-005
  0.86257870370370371       -5.4059910671529023E-005
   1.0740796296296296       -5.4513696311736688E-005
  0.80965833333333326       -5.6271126875231089E-005
   1.0927777777777778       -5.6569712482346267E-005
   1.0171870370370368       -5.6739974944217040E-005
   1.0923888888888889       -5.6859844348495173E-005
   1.4424453703703703       -5.7022762412028682E-005
   2.2694000000000001       -5.7118714602724736E-005
   2.0653388888888888       -5.7181784781874821E-005
   1.9238148148148149       -5.7205466463249414E-005
   1.9769074074074076       -5.7245547102151152E-005
   1.6451000000000000       -5.7276426286955529E-005
   2.3139916666666669       -5.7289223947226459E-005
  0.60839814814814819       -5.7280171423568327E-005
   1.2949972222222221       -5.4000007364556357E-005
   1.8998518518518521       -5.5996075600019365E-005
   1.6379990740740742       -5.5764536634223119E-005
   1.7471222222222222       -5.6161605358662923E-005
   2.2955277777777776       -5.7090911884863867E-005
   1.5467703703703704       -5.6316050851083639E-005
   1.3167499999999999       -5.6622240567224813E-005
  0.95153333333333334       -5.6586600490390197E-005
   1.2622250000000002       -5.6836153864367274E-005
   1.3446666666666667       -5.7110793689073889E-005
 -0.18796111111111111       -5.6669431328261914E-005
   1.0652129629629630       -5.6985384928161676E-005
   2.3061527777777777       -5.7290074451297261E-005
   2.5862777777777777       -5.7362931821986824E-005
   1.8869287037037037       -5.7394000949396824E-005
   2.0255000000000001       -5.7418698213172424E-005
   1.6782777777777778       -5.7414174382103039E-005
   1.2200962962962962       -5.7070697124354690E-005
  0.70689166666666670       -5.7356540708476248E-005
  0.33472962962962965       -5.7386185643531955E-005
  0.20139351851851856       -5.4786369373725867E-005
  0.68277777777777782       -5.5917935866553775E-005
  -3.3353703703703705E-002   0.0000000000000000     
  0.39562037037037040        0.0000000000000000     
   1.1273666666666669       -4.8400658426376854E-005
  0.90464444444444447       -5.4031929347121921E-005
  0.80822685185185172       -5.6294361117539538E-005
  0.57716666666666672       -5.7107042522290106E-005
  0.65527407407407412       -5.7281551987072013E-005
  0.24956666666666660       -5.7367838564397257E-005
  0.52077499999999999       -5.5694158738516458E-005
  0.23970370370370370       -5.6435823173622044E-005
  0.50088055555555544       -5.6626235435385410E-005
   3.0799999999999980E-002  -5.5775551232482695E-005
   5.1021296296296301E-002  -5.5947025867230488E-005
 -0.10824074074074075       -5.5454086673112726E-005
  0.58591666666666664        0.0000000000000000     
 -0.16247407407407408        0.0000000000000000     
   1.0388796296296294       -3.7252772655537880E-005
 -0.47402222222222223        0.0000000000000000     
 -0.68641851851851854       -1.6535249647362790E-005
  -1.0109629629629628        0.0000000000000000     
  -1.0496666666666667      -0.27419482617688118     
 -0.88598333333333334        0.0000000000000000     
  -1.4582435185185185       -4.6070583987842610     
  -2.3385111111111110       -7.8349590216872116     
  -1.6050092592592593       -6.1368901593286864     
 -0.11588703703703704        0.0000000000000000     
 -0.70711111111111113        0.0000000000000000     
  -1.1050740740740741       -1.1020100293669657     
 -0.97935925925925926      -0.70756444667989626     
 -0.88775000000000004       -5.7025892762492276     
  -1.8668037037037037       -6.6768712801897436     
  -1.5324259259259261       -10.528465178408624     
  -2.7697638888888889       -9.2320234264159353     
 -0.64684259259259258       -3.1035208260913691     
  0.38381944444444444        0.0000000000000000     
 -0.76455555555555543        0.0000000000000000     
  -1.4295046296296297       -2.9038680632102114     
  -1.3134185185185183       -5.2941558495323875     
  -2.1219999999999999       -5.8687096578930209     
  -1.0272962962962964       -1.3902542293195097     
 -0.82243240740740742       -2.0346473027467482     
  -3.1177166666666665       -18.477347955020889     
  -2.9808629629629628       -23.184270587812051     
  -3.5959407407407409       -22.537748521124342     
  -3.9407083333333333       -17.493588984544061     
  -4.8823407407407409       -17.782003559003897     
  -3.9575092592592593       -14.338712887184442     
  -3.3572333333333333       -5.6061674745426444     
  -3.9925787037037037       -9.4804696586149362     
  -5.5161296296296296       -17.440544027696347     
  -5.3604472222222217       -16.287281388113627     
  -5.4535185185185178       -9.9519504455594756     
  -8.3202916666666660       -17.963131925543081     
  -7.6056055555555560       -16.189141026643824     
  -7.1967824074074072       -13.494049561906195     
  -9.6740592592592591       -19.618774481283367     
  -11.280608333333333       -21.968034116893818     
  -11.561368518518517       -20.351921974705363     
  -8.4402694444444428       -10.458181772820410     
  -3.7608888888888892       -8.1525875729255404E-002
  -9.6205777777777772       -18.210398571021130     
  -13.518377777777779       -21.109873780386323     
  -7.3005972222222226       -7.3358900902476876     
  -5.0076074074074075       -6.5156880725890005     
  -6.3599212962962959       -4.7756772574495585     
  -4.2968000000000002       -5.6672913965416569     
  -1.6239648148148149       -1.9185788022093107     
  -1.7339481481481482       -1.5788249378607588     
  -3.7056305555555560       -6.2165444997143027     
  -11.224574074074074       -30.529821324096133     
  -12.480891666666666       -24.526382956902751     
  -9.9279888888888888       -17.300313138266176     
  -10.170251851851852       -17.748019084196983     
  -12.018112962962963       -21.551321650156240     
  -12.461208333333333       -23.108983271121730     
  -13.971925925925927       -28.189335221821523     
  -14.960957407407406       -29.072240364411982     
  -16.050200000000004       -26.667834742906564     
  -14.812361111111111       -23.119413042243565     
  -15.605203703703705       -27.202744239387727     
  -11.470216666666666       -16.407774370202162     
  -13.871127777777778       -22.651997490571034     
  -13.723135185185185       -19.665999042979422     
  -15.361733333333332       -26.456814526784143     
  -15.336495370370370       -31.643477076371568     
  -19.680992592592592       -35.285119449256683     
  -19.268172222222219       -30.147107755153314     
  -21.347977777777778       -39.344604723461913     
  -21.506211111111110       -37.509445830592000     
  -18.818194444444444       -24.814702828941222     
  -21.939926851851855       -38.213004283244885     
  -23.851725925925926       -37.821117627001001     
  -24.342075000000001       -39.039175581832779     
  -24.479770370370375       -36.309700380984395     
  -24.244032407407410       -33.125644267918148     
  -23.321666666666665       -32.967163432669793     
  -23.926342592592594       -32.654250042576507     
  -21.781353703703704       -24.805573814348435     
  -18.367961111111111       -19.519808840377124     
  -22.229444444444447       -34.729683089975055     
  -22.754651851851854       -31.977948697557821     
  -21.133633333333332       -31.704050675509905     
  -21.170290740740739       -31.707147993332512     
  -20.334955555555556       -28.187249085392295     
  -17.809277777777780       -18.416435556190407     
  -16.300692592592590       -19.638926202760985     
  -18.307544444444446       -25.646620621992668     
  -19.694644444444442       -29.715749680391241     
  -22.665251851851853       -39.484808220195390     
  -21.706898148148149       -25.286797066978522     
  -21.271400000000000       -32.893590499485157     
  -16.441070370370369       -16.458440628305539     
  -14.631190740740742       -16.310875879833759     
  -17.550372222222222       -26.972492421273273     
  -18.925162037037037       -31.261916333034293     
  -16.331340740740742       -20.148140602939890     
  -17.302058333333335       -22.564840782423573     
  -18.461905555555553       -31.450226346394288     
  -24.168772222222223       -42.200014127380030     
  -25.210999999999999       -41.743551961698813     
  -19.451072222222223       -28.061606065737408     
  -17.746555555555556       -19.125844227746967     
  -20.501733333333334       -36.570049881270734     
  -16.669666666666664       -13.871893973146882     
  -13.237064814814815       -14.629354617717979     
  -18.445416666666667       -27.168730116177414     
  -20.881277777777779       -32.401753387302335     
  -23.984418518518517       -41.043120481532725     
  -26.804216666666669       -51.983090532600158     
  -29.493759259259257       -55.761053813366686     
  -27.088583333333332       -41.866268940107943     
  -21.783400000000000       -30.966940947972603     
  -20.779469444444445       -32.800022488950987     
  -20.253844444444447       -32.702025369790334     
  -19.529819444444446       -28.196177514211342     
  -17.054118518518518       -25.369576156630160     
  -14.003359259259259       -18.907429047409238     
  -18.076300000000003       -39.315972149307754     
  -20.943925925925925       -38.758966680756970     
  -21.560074074074073       -40.735113772847285     
  -24.794227777777778       -47.205755018534660     
  -24.648062962962960       -43.304378824883997     
