-2.172
-2.1933
-2.213
-2.2313
-2.2483
-2.2641
-2.2787
-2.2922
-2.3048
-2.3165
-2.3274
-2.3376
-2.3472
-2.3563
-2.3649
-2.3733
-2.3814
-2.3893
-2.3972
-2.4052
-2.4133
-2.4216
-2.4302
-2.4392
-2.4487
-2.4589
-2.4697
-2.4812
-2.4937
-2.5071
-2.5215
-2.5371
-2.5537
-2.5713
-2.5898
-2.609
-2.629
-2.6496
-2.6708
-2.6923
-2.7143
-2.7365
-2.759
-2.7815
-2.804
-2.8265
-2.8489
-2.871
-2.8929
-2.9145
-2.9357
-2.9566
-2.977
-2.9969
-3.0162
-3.035
-3.0531
-3.0706
-3.0873
-3.1032
-3.1182
-3.1325
-3.1459
-3.1585
-3.1704
-3.1817
-3.1923
-3.2025
-3.2122
-3.2214
-3.2304
-3.239
-3.2474
-3.2556
-3.2637
-3.2717
-3.2798
-3.2879
-3.2961
-3.3045
-3.3132
-3.3221
-3.3314
-3.3411
-3.3513
-3.362
-3.3734
-3.3853
-3.398
-3.4114
-3.4257
-3.4409
-3.4568
-3.4734
-3.4906
-3.5083
-3.5264
-3.5448
-3.5633
-3.582
-3.6006
-3.6191
-3.6374
-3.6554
-3.673
-3.6901
-3.7066
-3.7225
-3.7379
-3.7528
-3.7672
-3.7813
-3.795
-3.8084
-3.8216
-3.8345
-3.8472
-3.8599
-3.8724
-3.8848
-3.8973
-3.9098
-3.9224
-3.9351
-3.948
-3.9611
-3.9744
-3.988
-4.002
-4.0164
-4.0312
-4.0464
-4.0622
-4.0786
-4.0955
-4.1131
-4.1313
-4.1501
-4.1693
-4.1888
-4.2083
-4.2278
-4.2472
-4.2662
-4.2848
-4.3027
-4.3199
-4.3362
-4.3515
-4.3656
-4.3783
-4.3896
-4.3997
-4.4087
-4.417
-4.4246
-4.4318
-4.4389
-4.446
-4.4534
-4.4613
-4.4699
-4.4794
-4.4901
-4.5021
-4.5158
-4.5311
-4.548
-4.5661
-4.5853
-4.6051
-4.6255
-4.6461
-4.6666
-4.6868
-4.7065
-4.7253
-4.7429
-4.7592
-4.7739
-4.7867
-4.7973
-4.806
-4.8128
-4.8178
-4.8213
-4.8234
-4.8243
-4.824
-4.8228
-4.8208
-4.8181
-4.8149
-4.8113
-4.8076
-4.8038
-4.8001
-4.7966
-4.7932
-4.7901
-4.7873
-4.7848
-4.7828
-4.7812
-4.78
-4.7794
-4.7794
-4.7801
-4.7814
-4.7835
-4.7863
-4.79
-4.7944
-4.7995
-4.8051
-4.8113
-4.8178
-4.8247
-4.8317
-4.8389
-4.8462
-4.8534
-4.8605
-4.8674
-4.874
-4.8803
-4.886
-4.8914
-4.8963
-4.901
-4.9054
-4.9095
-4.9135
-4.9173
-4.9211
-4.9248
-4.9285
-4.9323
-4.9362
-4.9403
-4.9446
-4.9491
-4.9539
-4.959
-4.9645
-4.9703
-4.9765
-4.9832
-4.9903
-4.9979
-5.0059
-5.0146
-5.0238
-5.0336
-5.044
-5.055
-5.0668
-5.0792
-5.0924
-5.1063
-5.1211
-5.1366
-5.153
-5.1703
-5.1885
-5.2076
-5.2276
-5.2487
-5.2708
-5.2939
-5.3181
-5.3433
-5.3696
-5.3969
-5.425
-5.4539
-5.4835
-5.5137
-5.5446
-5.5759
-5.6076
-5.6396
-5.6719
-5.7043
-5.7369
-5.7695
-5.802
-5.8344
-5.8666
-5.8985
-5.93
-5.9611
-5.9917
-6.0217
-6.051
-6.0796
-6.1073
-6.1341
-6.16
-6.1848
-6.2084
-6.2309
-6.2523
-6.2727
-6.2922
-6.311
-6.329
-6.3466
-6.3637
-6.3804
-6.397
-6.4134
-6.4299
-6.4465
-6.4632
-6.4804
-6.4979
-6.5157
-6.5338
-6.5519
-6.5699
-6.5877
-6.6052
-6.6222
-6.6387
-6.6544
-6.6693
-6.6833
-6.6961
-6.7077
-6.718
-6.7268
-6.7341
-6.74
-6.7444
-6.7475
-6.7491
-6.7493
-6.7482
-6.7457
-6.7418
-6.7367
-6.7302
-6.7224
-6.7134
-6.7031
-6.6916
-6.6793
-6.6665
-6.6538
-6.6415
-6.63
-6.6197
-6.6111
-6.6046
-6.6006
-6.5994
-6.6016
-6.6076
-6.6176
-6.6323
-6.6517
-6.6756
-6.7032
-6.7339
-6.7672
-6.8025
-6.839
-6.8763
-6.9138
-6.9507
-6.9865
-7.0207
-7.0525
-7.0815
-7.1069
-7.1283
-7.1459
-7.1601
-7.1711
-7.1793
-7.1851
-7.1887
-7.1905
-7.1909
-7.1901
-7.1885
-7.1865
-7.1843
-7.1822
-7.1808
-7.1801
-7.1802
-7.181
-7.1824
-7.1844
-7.187
-7.1899
-7.1933
-7.1969
-7.2007
-7.2047
-7.2088
-7.2128
-7.2168
-7.2207
-7.2244
-7.2278
-7.2311
-7.2342
-7.237
-7.2396
-7.2421
-7.2443
-7.2463
-7.2481
-7.2496
-7.251
-7.2521
-7.2531
-7.2538
-7.2543
-7.2546
-7.2548
-7.255
-7.2552
-7.2553
-7.2556
-7.2561
-7.2567
-7.2576
-7.2588
-7.2604
-7.2624
-7.2648
-7.2678
-7.2712
-7.2751
-7.2792
-7.2833
-7.2873
-7.2909
-7.294
-7.2965
-7.2981
-7.2986
-7.2979
-7.2958
-7.2922
-7.2867
-7.2794
-7.2699
-7.2586
-7.2455
-7.2308
-7.2147
-7.1974
-7.179
-7.1599
-7.14
-7.1197
-7.099
-7.0782
-7.0575
-7.037
-7.0169
-6.9974
-6.9788
-6.961
-6.9445
-6.9293
-6.9157
-6.9038
-6.8938
-6.886
-6.8805
-6.8775
-6.8771
-6.8797
-6.8853
-6.8942
-6.9065
-6.922
-6.9404
-6.9614
-6.9848
-7.0103
-7.0377
-7.0666
-7.0967
-7.1279
-7.1599
-7.1923
-7.2249
-7.2574
-7.2896
-7.3212
-7.3522
-7.3823
-7.4117
-7.4401
-7.4675
-7.4939
-7.5192
-7.5433
-7.5661
-7.5876
-7.6076
-7.6262
-7.6432
-7.6586
-7.6723
-7.6844
-7.695
-7.7042
-7.7121
-7.7188
-7.7243
-7.7288
-7.7324
-7.7351
-7.7371
-7.7385
-7.7393
-7.7397
-7.7398
-7.7395
-7.739
-7.7381
-7.7367
-7.7348
-7.7323
-7.7292
-7.7253
-7.7207
-7.7152
-7.7088
-7.7014
-7.693
-7.6834
-7.6727
-7.6607
-7.6477
-7.6339
-7.6195
-7.6047
-7.5898
-7.5748
-7.5602
-7.546
-7.5325
-7.5199
-7.5085
-7.4984
-7.4899
-7.4831
-7.4783
-7.4753
-7.4742
-7.4747
-7.4767
-7.4802
-7.485
-7.491
-7.4982
-7.5064
-7.5154
-7.5252
-7.5357
-7.5468
-7.5583
-7.5702
-7.5823
-7.5945
-7.6067
-7.6188
-7.6307
-7.6423
-7.6535
-7.6641
-7.6741
-7.6833
-7.6917
-7.6991
-7.7053
-7.7104
-7.7143
-7.7175
-7.7205
-7.7239
-7.7283
-7.7342
-7.7423
-7.7532
-7.7673
-7.7852
-7.8076
-7.835
-7.868
-7.9072
-7.9531
-8.0061
-8.0655
-8.1306
-8.2005
-8.2743
-8.3512
-8.4304
-8.511
-8.5922
-8.6731
-8.7529
-8.8308
-8.9059
-8.9773
-9.0443
-9.1063
-9.1632
-9.2156
-9.2638
-9.3082
-9.3492
-9.3871
-9.4222
-9.4551
-9.486
-9.5153
-9.5433
-9.5706
-9.5974
-9.624
-9.6509
-9.6779
-9.7051
-9.7322
-9.7592
-9.786
-9.8124
-9.8385
-9.8641
-9.8891
-9.9134
-9.9369
-9.9595
-9.9811
-10.002
-10.021
-10.039
-10.056
-10.072
-10.087
-10.101
-10.114
-10.125
-10.136
-10.146
-10.154
-10.162
-10.169
-10.174
-10.179
-10.183
-10.186
-10.188
-10.189
-10.19
-10.189
-10.188
-10.186
-10.183
-10.18
-10.176
-10.171
-10.165
-10.159
-10.152
-10.144
-10.136
-10.127
-10.118
-10.108
-10.097
-10.086
-10.075
-10.062
-10.05
-10.037
-10.023
-10.01
-9.9954
-9.9808
-9.9658
-9.9505
-9.9349
-9.9192
-9.9033
-9.8874
-9.8714
-9.8555
-9.8397
-9.8241
-9.8087
-9.7935
-9.7787
-9.7643
-9.7504
-9.7369
-9.7238
-9.7108
-9.6977
-9.6845
-9.6708
-9.6565
-9.6414
-9.6253
-9.6081
-9.5895
-9.5694
-9.5475
-9.5238
-9.4979
-9.4699
-9.4401
-9.409
-9.3771
-9.3449
-9.3129
-9.2816
-9.2514
-9.223
-9.1967
-9.1731
-9.1527
-9.136
-9.1234
-9.1155
-9.1125
-9.1142
-9.12
-9.1294
-9.1418
-9.1568
-9.1738
-9.1922
-9.2117
-9.2316
-9.2514
-9.2706
-9.2887
-9.3052
-9.3194
-9.3311
-9.3404
-9.3474
-9.3524
-9.3557
-9.3574
-9.3578
-9.3572
-9.3557
-9.3536
-9.3512
-9.3486
-9.3461
-9.344
-9.3424
-9.3415
-9.3414
-9.3419
-9.343
-9.3446
-9.3467
-9.349
-9.3517
-9.3546
-9.3576
-9.3608
-9.3638
-9.3669
-9.3697
-9.3724
-9.3748
-9.3769
-9.3787
-9.3803
-9.3816
-9.3828
-9.3838
-9.3845
-9.3852
-9.3857
-9.386
-9.3863
-9.3865
-9.3866
-9.3866
-9.3867
-9.3869
-9.3875
-9.3887
-9.3907
-9.3938
-9.3981
-9.4038
-9.4112
-9.4205
-9.4319
-9.4456
-9.4617
-9.4807
-9.5025
-9.5275
-9.5552
-9.5854
-9.6178
-9.6519
-9.6875
-9.7242
-9.7617
-9.7997
-9.8377
-9.8755
-9.9127
-9.949
-9.9841
-10.018
-10.049
-10.079
-10.107
-10.134
-10.159
-10.183
-10.207
-10.229
-10.251
-10.272
-10.292
-10.313
-10.333
-10.353
-10.374
-10.395
-10.416
-10.437
-10.459
-10.48
-10.5
-10.521
-10.54
-10.559
-10.577
-10.594
-10.61
-10.625
-10.639
-10.65
-10.661
-10.669
-10.676
-10.682
-10.686
-10.689
-10.69
-10.69
-10.689
-10.686
-10.683
-10.678
-10.673
-10.666
-10.659
-10.65
-10.641
-10.631
-10.621
-10.609
-10.597
-10.585
-10.572
-10.559
-10.545
-10.531
-10.516
-10.502
-10.487
-10.472
-10.457
-10.442
-10.428
-10.413
-10.4
-10.387
-10.374
-10.363
-10.353
-10.343
-10.336
-10.329
-10.325
-10.322
-10.321
-10.323
-10.326
-10.33
-10.336
-10.343
-10.351
-10.36
-10.369
-10.378
-10.386
-10.395
-10.402
-10.409
-10.415
-10.419
-10.422
-10.423
-10.423
-10.422
-10.421
-10.419
-10.417
-10.414
-10.412
-10.411
-10.41
-10.41
-10.411
-10.413
-10.417
-10.423
-10.431
-10.439
-10.448
-10.458
-10.468
-10.477
-10.486
-10.494
-10.5
-10.505
-10.508
-10.508
-10.505
-10.499
-10.49
-10.478
-10.463
-10.446
-10.427
-10.407
-10.386
-10.365
-10.345
-10.325
-10.306
-10.289
-10.274
-10.261
-10.251
-10.245
-10.242
-10.243
-10.246
-10.252
-10.261
-10.272
-10.286
-10.302
-10.32
-10.34
-10.362
-10.385
-10.41
-10.436
-10.463
-10.491
-10.52
-10.549
-10.579
-10.609
-10.639
-10.669
-10.699
-10.728
-10.756
-10.784
-10.811
-10.837
-10.861
-10.884
-10.905
-10.924
-10.943
-10.959
-10.974
-10.987
-10.999
-11.009
-11.017
-11.023
-11.028
-11.031
-11.032
-11.032
-11.03
-11.026
-11.02
-11.012
-11.003
-10.992
-10.98
-10.966
-10.95
-10.934
-10.915
-10.895
-10.874
-10.852
-10.828
-10.803
-10.777
-10.751
-10.724
-10.697
-10.671
-10.646
-10.622
-10.599
-10.578
-10.559
-10.542
-10.528
-10.517
-10.51
-10.507
-10.506
-10.509
-10.514
-10.521
-10.53
-10.54
-10.55
-10.561
-10.571
-10.581
-10.59
-10.597
-10.602
-10.604
-10.604
-10.601
-10.595
-10.587
-10.578
-10.566
-10.552
-10.537
-10.521
-10.504
-10.485
-10.466
-10.447
-10.428
-10.408
-10.389
-10.37
-10.351
-10.332
-10.313
-10.295
-10.277
-10.259
-10.242
-10.225
-10.208
-10.192
-10.176
-10.16
-10.145
-10.13
-10.116
-10.102
-10.089
-10.076
-10.064
-10.053
-10.042
-10.032
-10.022
-10.013
-10.005
-9.9982
-9.9918
-9.9863
-9.9816
-9.9779
-9.9752
-9.9734
-9.9726
-9.9729
-9.9742
-9.9767
-9.9803
-9.985
-9.991
-9.9981
-10.007
-10.016
-10.027
-10.04
-10.053
-10.067
-10.082
-10.097
-10.112
-10.127
-10.142
-10.155
-10.168
-10.179
-10.189
-10.197
-10.202
-10.206
-10.207
-10.205
-10.201
-10.196
-10.189
-10.181
-10.173
-10.163
-10.154
-10.144
-10.135
-10.126
-10.118
-10.112
-10.107
-10.103
-10.102
-10.102
-10.105
-10.109
-10.116
-10.124
-10.135
-10.148
-10.163
-10.18
-10.2
-10.222
-10.246
-10.273
-10.303
-10.335
-10.368
-10.404
-10.441
-10.478
-10.517
-10.557
-10.596
-10.636
-10.676
-10.715
-10.753
-10.79
-10.826
-10.86
-10.892
-10.922
-10.95
-10.976
-10.999
-11.019
-11.037
-11.052
-11.063
-11.071
-11.075
-11.076
-11.072
-11.065
-11.053
-11.038
-11.019
-10.997
-10.972
-10.945
-10.916
-10.885
-10.853
-10.821
-10.788
-10.756
-10.724
-10.692
-10.662
-10.634
-10.607
-10.582
-10.558
-10.535
-10.514
-10.494
-10.475
-10.457
-10.441
-10.425
-10.409
-10.395
-10.382
-10.368
-10.356
-10.344
-10.332
-10.321
-10.31
-10.299
-10.288
-10.277
-10.266
-10.255
-10.244
-10.232
-10.22
-10.208
-10.195
-10.182
-10.168
-10.153
-10.139
-10.124
-10.109
-10.093
-10.078
-10.063
-10.048
-10.034
-10.02
-10.006
-9.9929
-9.9805
-9.9687
-9.9578
-9.9478
-9.9388
-9.9308
-9.9241
-9.9186
-9.9145
-9.9118
-9.9106
-9.9111
-9.9133
-9.9172
-9.923
-9.9309
-9.9407
-9.9525
-9.9663
-9.9818
-9.9991
-10.018
-10.039
-10.061
-10.084
-10.109
-10.135
-10.162
-10.19
-10.22
-10.25
-10.281
-10.313
-10.345
-10.379
-10.412
-10.446
-10.481
-10.516
-10.551
-10.586
-10.621
-10.656
-10.691
-10.726
-10.761
-10.795
-10.829
-10.862
-10.895
-10.927
-10.958
-10.989
-11.018
-11.047
-11.074
-11.101
-11.126
-11.149
-11.172
-11.193
-11.212
-11.23
-11.246
-11.26
-11.272
-11.282
-11.291
-11.297
-11.301
-11.302
-11.302
-11.299
-11.293
-11.285
-11.274
-11.26
-11.244
-11.225
-11.204
-11.181
-11.156
-11.129
-11.101
-11.071
-11.04
-11.008
-10.975
-10.941
-10.906
-10.871
-10.836
-10.801
-10.765
-10.73
-10.696
-10.662
-10.628
-10.596
-10.565
-10.534
-10.506
-10.478
-10.453
-10.429
-10.408
-10.388
-10.371
-10.356
-10.342
-10.331
-10.321
-10.313
-10.307
-10.301
-10.298
-10.295
-10.294
-10.293
-10.294
-10.296
-10.298
-10.301
-10.304
-10.308
-10.312
-10.317
-10.322
-10.327
-10.331
-10.336
-10.341
-10.345
-10.349
-10.352
-10.354
-10.356
-10.358
-10.358
-10.358
-10.358
-10.357
-10.355
-10.353
-10.351
-10.348
-10.344
-10.341
-10.337
-10.333
-10.328
-10.323
-10.318
-10.313
-10.308
-10.303
-10.297
-10.292
-10.286
-10.281
-10.276
-10.27
-10.265
-10.26
-10.256
-10.251
-10.247
-10.243
-10.239
-10.235
-10.232
-10.229
-10.226
-10.224
-10.222
-10.22
-10.218
-10.217
-10.216
-10.216
-10.215
-10.215
-10.216
-10.216
-10.217
-10.218
-10.22
-10.222
-10.224
-10.227
-10.23
-10.233
-10.237
-10.241
-10.245
-10.25
-10.255
-10.261
-10.267
-10.273
-10.279
-10.285
-10.291
-10.297
-10.303
-10.309
-10.314
-10.32
-10.324
-10.329
-10.333
-10.336
-10.339
-10.341
-10.343
-10.343
-10.343
-10.342
-10.34
-10.337
-10.333
-10.327
-10.321
-10.313
-10.304
-10.293
-10.281
-10.267
-10.253
-10.236
-10.219
-10.201
-10.181
-10.161
-10.139
-10.117
-10.094
-10.07
-10.045
-10.02
-9.9941
-9.9679
-9.9412
-9.9141
-9.8867
-9.8592
-9.8314
-9.8035
-9.7756
-9.7478
-9.72
-9.6924
-9.665
-9.6379
-9.6112
-9.5849
-9.559
-9.5337
-9.5088
-9.4845
-9.4607
-9.4375
-9.4148
-9.3926
-9.3711
-9.3501
-9.3297
-9.31
-9.2908
-9.2723
-9.2545
-9.2373
-9.2207
-9.2049
-9.1897
-9.1752
-9.1615
-9.1484
-9.1362
-9.1246
-9.1138
-9.1038
-9.0945
-9.0861
-9.0784
-9.0716
-9.0656
-9.0604
-9.056
-9.0523
-9.0494
-9.0472
-9.0456
-9.0448
-9.0446
-9.045
-9.0461
-9.0477
-9.0499
-9.0526
-9.0559
-9.0596
-9.0638
-9.0685
-9.0736
-9.0791
-9.0851
-9.0913
-9.0979
-9.1049
-9.1121
-9.1196
-9.1274
-9.1354
-9.1436
-9.152
-9.1606
-9.1693
-9.1781
-9.1871
-9.1961
-9.2052
-9.2143
-9.2234
-9.2326
-9.2417
-9.2507
-9.2597
-9.2686
-9.2773
-9.286
-9.2944
-9.3027
-9.3108
-9.3186
-9.3262
-9.3335
-9.3406
-9.3473
-9.3537
-9.3597
-9.3654
-9.3706
-9.3754
-9.3798
-9.3837
-9.3871
-9.3901
-9.3926
-9.3947
-9.3965
-9.3978
-9.3989
-9.3996
-9.4001
-9.4003
-9.4003
-9.4002
-9.3998
-9.3993
-9.3987
-9.398
-9.3972
-9.3965
-9.3957
-9.3949
-9.3942
-9.3935
-9.393
-9.3926
-9.3923
-9.3922
-9.3924
-9.3928
-9.3934
-9.3943
-9.3956
-9.3972
-9.3991
-9.4015
-9.4043
-9.4075
-9.4112
-9.4154
-9.4202
-9.4255
-9.4314
-9.4379
-9.4451
-9.4529
-9.4614
-9.4707
-9.4807
-9.4914
-9.503
-9.5154
-9.5287
-9.5428
-9.5578
-9.5738
-9.5908
-9.6087
-9.6277
-9.6477
-9.6688
-9.6909
-9.7142
-9.7386
-9.7639
-9.7902
-9.8174
-9.8454
-9.8742
-9.9038
-9.9339
-9.9647
-9.996
-10.028
-10.06
-10.092
-10.125
-10.158
-10.192
-10.225
-10.259
-10.292
-10.325
-10.359
-10.392
-10.425
-10.457
-10.49
-10.521
-10.553
-10.584
-10.614
-10.643
-10.672
-10.701
-10.728
-10.756
-10.782
-10.808
-10.833
-10.858
-10.881
-10.905
-10.928
-10.95
-10.971
-10.992
-11.012
-11.032
-11.051
-11.069
-11.087
-11.105
-11.121
-11.137
-11.153
-11.168
-11.182
-11.196
-11.209
-11.222
-11.234
-11.245
-11.256
-11.267
-11.276
-11.286
-11.294
-11.303
-11.31
-11.317
-11.324
-11.33
-11.335
-11.34
-11.344
-11.348
-11.352
-11.354
-11.357
-11.358
-11.36
-11.36
-11.361
-11.36
-11.359
-11.358
-11.356
-11.354
-11.351
-11.348
-11.344
-11.34
-11.335
-11.33
-11.324
-11.318
-11.311
-11.304
-11.296
-11.288
-11.28
-11.271
-11.261
-11.251
-11.241
-11.23
-11.219
-11.207
-11.195
-11.182
-11.169
-11.156
-11.142
-11.127
-11.113
-11.097
-11.082
-11.066
-11.049
-11.032
-11.015
-10.997
-10.979
-10.961
-10.942
-10.923
-10.903
-10.884
-10.864
-10.843
-10.823
-10.802
-10.782
-10.761
-10.74
-10.718
-10.697
-10.676
-10.655
-10.633
-10.612
-10.59
-10.569
-10.548
-10.527
-10.506
-10.485
-10.464
-10.444
-10.424
-10.403
-10.384
-10.364
-10.345
-10.325
-10.307
-10.288
-10.27
-10.251
-10.233
-10.216
-10.198
-10.181
-10.164
-10.147
-10.13
-10.114
-10.098
-10.082
-10.066
-10.051
-10.035
-10.02
-10.005
-9.9907
-9.9762
-9.9619
-9.9478
-9.9339
-9.9202
-9.9067
-9.8934
-9.8802
-9.8673
-9.8545
-9.8419
-9.8295
-9.8173
-9.8052
-9.7934
-9.7817
-9.7701
-9.7588
-9.7476
-9.7366
-9.7257
-9.715
-9.7045
-9.6941
-9.6839
-9.6738
-9.6639
-9.6542
-9.6446
-9.6351
-9.6258
-9.6166
-9.6076
-9.5987
-9.5899
-9.5813
-9.5728
-9.5645
-9.5563
-9.5482
-9.5402
-9.5324
-9.5247
-9.5171
-9.5096
-9.5022
-9.495
-9.4879
-9.4809
-9.474
-9.4672
-9.4605
-9.4539
-9.4474
-9.441
-9.4347
-9.4286
-9.4225
-9.4165
-9.4106
-9.4048
-9.399
-9.3934
-9.3878
-9.3824
-9.377
-9.3717
-9.3665
-9.3614
-9.3565
-9.3517
-9.3472
-9.3429
-9.3388
-9.335
-9.3315
-9.3284
-9.3256
-9.3231
-9.3211
-9.3195
-9.3184
-9.3177
-9.3176
-9.3179
-9.3188
-9.3203
-9.3224
-9.3251
-9.3285
-9.3325
-9.3373
-9.3428
-9.349
-9.356
-9.3638
-9.3724
-9.3818
-9.3919
-9.4028
-9.4144
-9.4266
-9.4394
-9.4528
-9.4667
-9.4812
-9.4961
-9.5114
-9.5272
-9.5433
-9.5597
-9.5764
-9.5934
-9.6106
-9.628
-9.6455
-9.6631
-9.6808
-9.6986
-9.7164
-9.7341
-9.7518
-9.7693
-9.7868
-9.804
-9.8211
-9.8379
-9.8544
-9.8706
-9.8865
-9.902
-9.917
-9.9316
-9.9457
-9.9593
-9.9723
-9.9848
-9.9965
-10.008
-10.018
-10.028
-10.037
-10.045
-10.052
-10.058
-10.064
-10.068
-10.072
-10.074
-10.075
-10.076
-10.075
-10.073
-10.07
-10.065
-10.059
-10.052
-10.044
-10.035
-10.024
-10.012
-9.9995
-9.9859
-9.9713
-9.9559
-9.9397
-9.9228
-9.9052
-9.887
-9.8683
-9.8491
-9.8294
-9.8094
-9.7891
-9.7686
-9.7478
-9.7269
-9.706
-9.685
-9.6641
-9.6432
-9.6226
-9.6021
-9.582
-9.5622
-9.5427
-9.5238
-9.5053
-9.4872
-9.4696
-9.4525
-9.4358
-9.4196
-9.4039
-9.3887
-9.3739
-9.3595
-9.3457
-9.3323
-9.3194
-9.3069
-9.295
-9.2835
-9.2724
-9.2619
-9.2518
-9.2423
-9.2332
-9.2245
-9.2164
-9.2087
-9.2016
-9.1949
-9.1887
-9.183
-9.1777
-9.173
-9.1687
-9.1649
-9.1616
-9.1587
-9.1563
-9.1543
-9.1527
-9.1516
-9.1508
-9.1505
-9.1505
-9.1509
-9.1517
-9.1528
-9.1543
-9.1561
-9.1583
-9.1607
-9.1635
-9.1666
-9.17
-9.1737
-9.1776
-9.1818
-9.1863
-9.191
-9.1959
-9.2011
-9.2065
-9.2121
-9.2179
-9.2239
-9.2301
-9.2364
-9.2429
-9.2496
-9.2564
-9.2633
-9.2704
-9.2776
-9.2848
-9.2922
-9.2997
-9.3073
-9.3149
-9.3226
-9.3303
-9.3381
-9.3459
-9.3537
-9.3615
-9.3694
-9.3772
-9.385
-9.3928
-9.4006
-9.4083
-9.416
-9.4236
-9.4312
-9.4386
-9.446
-9.4533
-9.4604
-9.4675
-9.4744
-9.4812
-9.4878
-9.4943
-9.5006
-9.5068
-9.5127
-9.5185
-9.5241
-9.5294
-9.5346
-9.5395
-9.5441
-9.5486
-9.5527
-9.5566
-9.5602
-9.5636
-9.5666
-9.5694
-9.5718
-9.5739
-9.5757
-9.5771
-9.5782
-9.5789
-9.5793
-9.5794
-9.5792
-9.5787
-9.5779
-9.5768
-9.5755
-9.5739
-9.572
-9.57
-9.5677
-9.5651
-9.5624
-9.5595
-9.5565
-9.5532
-9.5498
-9.5463
-9.5426
-9.5387
-9.5348
-9.5308
-9.5266
-9.5224
-9.5181
-9.5138
-9.5094
-9.5049
-9.5005
-9.496
-9.4915
-9.487
-9.4825
-9.478
-9.4736
-9.4692
-9.4648
-9.4606
-9.4564
-9.4523
-9.4483
-9.4444
-9.4406
-9.437
-9.4335
-9.4301
-9.4269
-9.4239
-9.4211
-9.4184
-9.416
-9.4138
-9.4118
-9.41
-9.4085
-9.4072
-9.4063
-9.4056
-9.4051
-9.405
-9.4051
-9.4055
-9.4062
-9.4071
-9.4082
-9.4096
-9.4112
-9.4129
-9.4149
-9.4171
-9.4195
-9.422
-9.4247
-9.4275
-9.4305
-9.4337
-9.4369
-9.4403
-9.4438
-9.4474
-9.451
-9.4548
-9.4586
-9.4625
-9.4665
-9.4704
-9.4745
-9.4785
-9.4826
-9.4867
-9.4908
-9.4948
-9.4989
-9.5029
-9.5069
-9.5108
-9.5147
-9.5186
-9.5223
-9.526
-9.5296
-9.533
-9.5364
-9.5397
-9.5428
-9.5458
-9.5486
-9.5513
-9.5539
-9.5562
-9.5584
-9.5604
-9.5621
-9.5637
-9.5651
-9.5662
-9.5671
-9.5677
-9.5681
-9.5683
-9.5682
-9.5679
-9.5673
-9.5665
-9.5655
-9.5643
-9.5629
-9.5613
-9.5594
-9.5574
-9.5552
-9.5529
-9.5503
-9.5476
-9.5448
-9.5418
-9.5386
-9.5353
-9.5319
-9.5283
-9.5247
-9.5209
-9.517
-9.513
-9.5088
-9.5046
-9.5004
-9.496
-9.4915
-9.487
-9.4824
-9.4778
-9.4731
-9.4683
-9.4635
-9.4586
-9.4536
-9.4486
-9.4436
-9.4385
-9.4333
-9.4281
-9.4229
-9.4176
-9.4123
-9.407
-9.4016
-9.3962
-9.3908
-9.3853
-9.3799
-9.3744
-9.3689
-9.3633
-9.3578
-9.3523
-9.3467
-9.3412
-9.3356
-9.3301
-9.3245
-9.319
-9.3134
-9.3079
-9.3024
-9.2969
-9.2914
-9.2859
-9.2805
-9.275
-9.2696
-9.2643
-9.2589
-9.2536
-9.2484
-9.2431
-9.238
-9.2328
-9.2277
-9.2227
-9.2177
-9.2127
-9.2078
-9.203
-9.1982
-9.1935
-9.1889
-9.1843
-9.1798
-9.1754
-9.171
-9.1667
-9.1625
-9.1584
-9.1544
-9.1504
-9.1466
-9.1428
-9.1391
-9.1355
-9.1321
-9.1287
-9.1254
-9.1222
-9.1192
-9.1162
-9.1134
-9.1106
-9.108
-9.1056
-9.1032
-9.101
-9.0989
-9.0969
-9.095
-9.0933
-9.0917
-9.0903
-9.089
-9.0879
-9.0869
-9.086
-9.0853
-9.0847
-9.0844
-9.0841
-9.084
-9.0841
-9.0844
-9.0848
-9.0854
-9.0862
-9.0871
-9.0883
-9.0896
-9.091
-9.0927
-9.0946
-9.0966
-9.0989
-9.1013
-9.1039
-9.1068
-9.1098
-9.113
-9.1165
-9.1201
-9.124
-9.1281
-9.1324
-9.1368
-9.1415
-9.1462
-9.1512
-9.1562
-9.1614
-9.1667
-9.172
-9.1774
-9.1829
-9.1884
-9.194
-9.1996
-9.2051
-9.2106
-9.2162
-9.2216
-9.227
-9.2323
-9.2376
-9.2427
-9.2477
-9.2526
-9.2574
-9.2619
-9.2663
-9.2705
-9.2746
-9.2783
-9.2819
-9.2853
-9.2886
-9.2916
-9.2946
-9.2974
-9.3
-9.3026
-9.3051
-9.3076
-9.31
-9.3123
-9.3147
-9.317
-9.3193
-9.3217
-9.3241
-9.3266
-9.3291
-9.3317
-9.3345
-9.3373
-9.3403
-9.3434
-9.3467
-9.3501
-9.3538
-9.3576
-9.3617
-9.3661
-9.3706
-9.3755
-9.3806
-9.386
-9.3918
-9.3979
-9.4043
-9.4111
-9.4182
-9.4258
-9.4338
-9.4421
-9.451
-9.4602
-9.47
-9.4802
-9.4909
-9.5022
-9.5139
-9.5262
-9.5391
-9.5525
-9.5666
-9.5812
-9.5965
-9.6124
-9.6289
-9.6461
-9.664
-9.6826
-9.7019
-9.7218
-9.7423
-9.7634
-9.785
-9.8072
-9.8299
-9.853
-9.8767
-9.9007
-9.9251
-9.9499
-9.975
-10
-10.026
-10.052
-10.078
-10.105
-10.131
-10.158
-10.185
-10.212
-10.239
-10.266
-10.293
-10.319
-10.346
-10.373
-10.4
-10.427
-10.453
-10.479
-10.505
-10.531
-10.556
-10.582
-10.606
-10.631
-10.655
-10.679
-10.702
-10.725
-10.747
-10.769
-10.79
-10.811
-10.831
-10.85
-10.869
-10.887
-10.904
-10.921
-10.937
-10.952
-10.966
-10.979
-10.991
-11.003
-11.014
-11.023
-11.032
-11.039
-11.046
-11.052
-11.057
-11.061
-11.065
-11.067
-11.069
-11.069
-11.069
-11.069
-11.067
-11.065
-11.062
-11.058
-11.054
-11.049
-11.043
-11.037
-11.03
-11.022
-11.014
-11.005
-10.995
-10.986
-10.975
-10.964
-10.953
-10.941
-10.928
-10.915
-10.902
-10.889
-10.875
-10.861
-10.846
-10.831
-10.817
-10.802
-10.787
-10.771
-10.756
-10.741
-10.726
-10.711
-10.696
-10.681
-10.666
-10.651
-10.637
-10.623
-10.609
-10.596
-10.583
-10.57
-10.558
-10.546
-10.534
-10.524
-10.513
-10.504
-10.494
-10.486
-10.477
-10.469
-10.462
-10.455
-10.449
-10.443
-10.437
-10.432
-10.427
-10.423
-10.419
-10.415
-10.412
-10.409
-10.407
-10.405
-10.403
-10.401
-10.4
-10.399
-10.398
-10.398
-10.398
-10.398
-10.399
-10.4
-10.401
-10.402
-10.403
-10.405
-10.407
-10.409
-10.411
-10.413
-10.416
-10.419
-10.421
-10.424
-10.427
-10.431
-10.434
-10.437
-10.441
-10.445
-10.448
-10.452
-10.456
-10.46
-10.463
-10.467
-10.471
-10.475
-10.479
-10.483
-10.487
-10.49
-10.494
-10.498
-10.501
-10.505
-10.509
-10.512
-10.515
-10.519
-10.522
-10.525
-10.528
-10.531
-10.534
-10.537
-10.539
-10.541
-10.544
-10.546
-10.548
-10.55
-10.551
-10.553
-10.554
-10.555
-10.556
-10.557
-10.557
-10.558
-10.558
-10.558
-10.557
-10.557
-10.556
-10.555
-10.554
-10.553
-10.552
-10.551
-10.55
-10.548
-10.547
-10.545
-10.544
-10.542
-10.54
-10.539
-10.537
-10.536
-10.535
-10.534
-10.532
-10.531
-10.531
-10.53
-10.529
-10.529
-10.529
-10.529
-10.529
-10.53
-10.53
-10.531
-10.533
-10.534
-10.535
-10.537
-10.539
-10.54
-10.542
-10.544
-10.546
-10.547
-10.549
-10.551
-10.553
-10.554
-10.555
-10.557
-10.558
-10.559
-10.559
-10.56
-10.56
-10.56
-10.559
-10.559
-10.558
-10.556
-10.554
-10.552
-10.549
-10.546
-10.543
-10.539
-10.535
-10.53
-10.525
-10.52
-10.514
-10.508
-10.502
-10.495
-10.488
-10.48
-10.473
-10.465
-10.456
-10.447
-10.438
-10.429
-10.419
-10.409
-10.399
-10.389
-10.378
-10.367
-10.356
-10.344
-10.332
-10.32
-10.308
-10.296
-10.283
-10.27
-10.258
-10.245
-10.233
-10.22
-10.208
-10.196
-10.184
-10.172
-10.161
-10.15
-10.14
-10.13
-10.121
-10.112
-10.104
-10.096
-10.089
-10.083
-10.077
-10.073
-10.069
-10.066
-10.065
-10.064
-10.064
-10.065
-10.068
-10.071
-10.076
-10.081
-10.087
-10.094
-10.102
-10.11
-10.119
-10.129
-10.139
-10.15
-10.161
-10.173
-10.185
-10.197
-10.21
-10.223
-10.236
-10.249
-10.262
-10.276
-10.289
-10.303
-10.316
-10.329
-10.342
-10.354
-10.367
-10.379
-10.391
-10.402
-10.413
-10.423
-10.434
-10.443
-10.453
-10.461
-10.47
-10.478
-10.485
-10.492
-10.499
-10.505
-10.51
-10.515
-10.52
-10.523
-10.527
-10.529
-10.531
-10.533
-10.534
-10.534
-10.533
-10.532
-10.53
-10.528
-10.524
-10.52
-10.516
-10.511
-10.505
-10.498
-10.491
-10.484
-10.476
-10.467
-10.458
-10.449
-10.439
-10.429
-10.419
-10.409
-10.398
-10.387
-10.376
-10.365
-10.354
-10.343
-10.332
-10.321
-10.31
-10.299
-10.288
-10.277
-10.267
-10.257
-10.247
-10.237
-10.228
-10.219
-10.21
-10.202
-10.194
-10.187
-10.18
-10.174
-10.168
-10.163
-10.158
-10.154
-10.15
-10.147
-10.145
-10.143
-10.143
-10.142
-10.143
-10.144
-10.147
-10.15
-10.154
-10.158
-10.164
-10.17
-10.178
-10.186
-10.196
-10.206
-10.218
-10.23
-10.243
-10.258
-10.272
-10.288
-10.305
-10.322
-10.339
-10.358
-10.377
-10.396
-10.416
-10.437
-10.458
-10.479
-10.5
-10.522
-10.544
-10.567
-10.589
-10.612
-10.635
-10.657
-10.68
-10.703
-10.726
-10.748
-10.771
-10.793
-10.815
-10.837
-10.859
-10.88
-10.901
-10.922
-10.943
-10.963
-10.983
-11.003
-11.023
-11.042
-11.06
-11.079
-11.097
-11.114
-11.131
-11.148
-11.165
-11.181
-11.196
-11.211
-11.225
-11.24
-11.253
-11.266
-11.278
-11.29
-11.302
-11.313
-11.323
-11.332
-11.341
-11.35
-11.358
-11.365
-11.371
-11.377
-11.382
-11.387
-11.391
-11.394
-11.397
-11.398
-11.399
-11.4
-11.399
-11.398
-11.396
-11.393
-11.39
-11.386
-11.38
-11.375
-11.368
-11.36
-11.352
-11.343
-11.333
-11.322
-11.31
-11.297
-11.284
-11.271
-11.256
-11.242
-11.227
-11.212
-11.197
-11.182
-11.167
-11.152
-11.138
-11.123
-11.109
-11.096
-11.083
-11.07
-11.059
-11.048
-11.038
-11.029
-11.021
-11.014
-11.009
-11.005
-11.002
-11.001
-11.001
-11.003
-11.006
-11.011
-11.018
-11.026
-11.035
-11.046
-11.058
-11.072
-11.086
-11.102
-11.119
-11.137
-11.156
-11.176
-11.197
-11.219
-11.242
-11.265
-11.29
-11.315
-11.34
-11.367
-11.394
-11.421
-11.449
-11.477
-11.506
-11.535
-11.565
-11.594
-11.624
-11.654
-11.684
-11.715
-11.745
-11.775
-11.805
-11.835
-11.865
-11.895
-11.924
-11.953
-11.982
-12.01
-12.038
-12.065
-12.092
-12.119
-12.144
-12.169
-12.193
-12.217
-12.239
-12.261
-12.282
-12.302
-12.321
-12.339
-12.355
-12.371
-12.385
-12.399
-12.411
-12.423
-12.433
-12.443
-12.452
-12.46
-12.468
-12.475
-12.481
-12.486
-12.491
-12.496
-12.5
-12.504
-12.508
-12.511
-12.514
-12.516
-12.519
-12.522
-12.524
-12.526
-12.529
-12.532
-12.534
-12.537
-12.54
-12.544
-12.548
-12.552
-12.556
-12.561
-12.565
-12.57
-12.576
-12.581
-12.587
-12.593
-12.599
-12.605
-12.611
-12.618
-12.625
-12.632
-12.639
-12.646
-12.653
-12.661
-12.668
-12.676
-12.683
-12.691
-12.699
-12.707
-12.715
-12.723
-12.731
-12.739
-12.747
-12.756
-12.764
-12.772
-12.78
-12.789
-12.797
-12.805
-12.814
-12.822
-12.83
-12.839
-12.847
-12.856
-12.864
-12.873
-12.881
-12.89
-12.898
-12.907
-12.915
-12.924
-12.932
-12.941
-12.949
-12.958
-12.966
-12.975
-12.984
-12.992
-13.001
-13.009
-13.018
-13.026
-13.035
-13.044
-13.052
-13.061
-13.069
-13.078
-13.086
-13.095
-13.103
-13.112
-13.12
-13.128
-13.137
-13.145
-13.154
-13.162
-13.17
-13.179
-13.187
-13.195
-13.203
-13.211
-13.22
-13.228
-13.236
-13.244
-13.252
-13.26
-13.268
-13.276
-13.284
-13.292
-13.3
-13.307
-13.315
-13.323
-13.331
-13.338
-13.346
-13.354
-13.361
-13.369
-13.376
-13.384
-13.391
-13.399
-13.406
-13.413
-13.421
-13.428
-13.435
-13.443
-13.45
-13.457
-13.464
-13.471
-13.478
-13.485
-13.492
-13.499
-13.506
-13.513
-13.52
-13.527
-13.534
-13.54
-13.547
-13.554
-13.56
-13.567
-13.574
-13.58
-13.587
-13.593
-13.6
-13.606
-13.612
-13.619
-13.625
-13.631
-13.638
-13.644
-13.65
-13.656
-13.662
-13.668
-13.674
-13.68
-13.686
-13.692
-13.698
-13.704
-13.71
-13.716
-13.722
-13.727
-13.733
-13.739
-13.744
-13.75
-13.755
-13.761
-13.766
-13.772
-13.777
-13.783
-13.788
-13.793
-13.799
-13.804
-13.809
-13.814
-13.819
-13.824
-13.829
-13.834
-13.839
-13.844
-13.849
-13.854
-13.859
-13.864
-13.868
-13.873
-13.878
-13.882
-13.887
-13.891
-13.896
-13.9
-13.905
-13.909
-13.913
-13.917
-13.921
-13.926
-13.93
-13.934
-13.937
-13.941
-13.945
-13.949
-13.952
-13.956
-13.96
-13.963
-13.966
-13.97
-13.973
-13.976
-13.979
-13.982
-13.985
-13.988
-13.991
-13.994
-13.996
-13.999
-14.001
-14.004
-14.006
-14.008
-14.01
-14.013
-14.015
-14.016
-14.018
-14.02
-14.022
-14.023
-14.025
-14.026
-14.027
-14.028
-14.029
-14.03
-14.031
-14.032
-14.033
-14.033
-14.034
-14.035
-14.035
-14.035
-14.036
-14.036
-14.037
-14.037
-14.038
-14.038
-14.038
-14.039
-14.039
-14.04
-14.04
-14.041
-14.042
-14.042
-14.043
-14.044
-14.045
-14.046
-14.047
-14.049
-14.05
-14.052
-14.053
-14.055
-14.057
-14.059
-14.062
-14.064
-14.066
-14.069
-14.072
-14.075
-14.078
-14.081
-14.084
-14.087
-14.091
-14.094
-14.098
-14.102
-14.106
-14.11
-14.114
-14.119
-14.123
-14.128
-14.133
-14.138
-14.143
-14.148
-14.153
-14.158
-14.164
-14.169
-14.175
-14.181
-14.186
-14.192
-14.198
-14.204
-14.21
-14.216
-14.222
-14.227
-14.233
-14.239
-14.244
-14.25
-14.255
-14.261
-14.266
-14.271
-14.276
-14.28
-14.285
-14.289
-14.293
-14.297
-14.301
-14.304
-14.307
-14.31
-14.313
-14.315
-14.317
-14.319
-14.321
-14.323
-14.324
-14.325
-14.326
-14.327
-14.327
-14.328
-14.328
-14.328
-14.328
-14.328
-14.328
-14.328
-14.328
-14.327
-14.327
-14.327
-14.326
-14.326
-14.325
-14.325
-14.325
-14.324
-14.324
-14.324
-14.323
-14.323
-14.323
-14.323
-14.323
-14.323
-14.323
-14.323
-14.324
-14.324
-14.324
-14.325
-14.325
-14.326
-14.327
-14.327
-14.328
-14.329
-14.33
-14.331
-14.332
-14.333
-14.335
-14.336
-14.338
-14.339
-14.341
-14.343
-14.345
-14.347
-14.349
-14.351
-14.353
-14.356
-14.358
-14.361
-14.363
-14.366
-14.369
-14.372
-14.375
-14.378
-14.381
-14.384
-14.387
-14.391
-14.394
-14.397
-14.401
-14.404
-14.408
-14.412
-14.415
-14.419
-14.423
-14.427
-14.43
-14.434
-14.438
-14.442
-14.446
-14.45
-14.454
-14.458
-14.462
-14.466
-14.471
-14.475
-14.479
-14.483
-14.487
-14.491
-14.496
-14.5
-14.504
-14.508
-14.512
-14.516
-14.521
-14.525
-14.529
-14.533
-14.537
-14.541
-14.545
-14.549
-14.553
-14.557
-14.561
-14.565
-14.569
-14.573
-14.576
-14.58
-14.584
-14.588
-14.591
-14.595
-14.598
-14.602
-14.605
-14.608
-14.612
-14.615
-14.618
-14.621
-14.624
-14.627
-14.63
-14.633
-14.635
-14.638
-14.64
-14.643
-14.645
-14.647
-14.649
-14.651
-14.653
-14.655
-14.657
-14.659
-14.66
-14.662
-14.663
-14.665
-14.666
-14.667
-14.669
-14.67
-14.671
-14.672
-14.674
-14.675
-14.676
-14.678
-14.679
-14.68
-14.682
-14.683
-14.685
-14.686
-14.688
-14.69
-14.692
-14.694
-14.696
-14.698
-14.7
-14.703
-14.705
-14.708
-14.711
-14.714
-14.717
-14.72
-14.724
-14.727
-14.731
-14.734
-14.738
-14.742
-14.746
-14.75
-14.754
-14.758
-14.762
-14.767
-14.771
-14.776
-14.78
-14.785
-14.789
-14.794
-14.799
-14.804
-14.809
-14.814
-14.819
-14.824
-14.829
-14.834
-14.839
-14.845
-14.85
-14.855
-14.86
-14.866
-14.871
-14.876
-14.882
-14.887
-14.892
-14.898
-14.903
-14.908
-14.914
-14.919
-14.924
-14.93
-14.935
-14.94
-14.945
-14.951
-14.956
-14.961
-14.966
-14.971
-14.976
-14.981
-14.986
-14.99
-14.995
-15
-15.005
-15.009
-15.014
-15.018
-15.023
-15.027
-15.031
-15.036
-15.04
-15.044
-15.048
-15.052
-15.056
-15.059
-15.063
-15.067
-15.07
-15.074
-15.077
-15.08
-15.083
-15.086
-15.089
-15.092
-15.095
-15.098
-15.1
-15.103
-15.105
-15.108
-15.11
-15.112
-15.114
-15.116
-15.117
-15.119
-15.121
-15.122
-15.123
-15.124
-15.125
-15.126
-15.127
-15.128
-15.128
-15.129
-15.129
-15.129
-15.129
-15.129
-15.128
-15.128
-15.127
-15.127
-15.126
-15.125
-15.124
-15.122
-15.121
-15.119
-15.118
-15.116
-15.114
-15.112
-15.11
-15.108
-15.106
-15.103
-15.101
-15.099
-15.096
-15.094
-15.091
-15.088
-15.086
-15.083
-15.08
-15.078
-15.075
-15.072
-15.069
-15.067
-15.064
-15.061
-15.059
-15.056
-15.054
-15.051
-15.049
-15.046
-15.044
-15.042
-15.04
-15.037
-15.035
-15.034
-15.032
-15.03
-15.029
-15.027
-15.026
-15.025
-15.024
-15.023
-15.022
-15.021
-15.021
-15.021
-15.021
-15.021
-15.021
-15.022
-15.023
-15.023
-15.025
-15.026
-15.028
-15.029
-15.031
-15.033
-15.036
-15.038
-15.041
-15.044
-15.047
-15.05
-15.054
-15.057
-15.061
-15.064
-15.068
-15.072
-15.076
-15.081
-15.085
-15.089
-15.094
-15.098
-15.103
-15.107
-15.112
-15.117
-15.121
-15.126
-15.131
-15.136
-15.141
-15.146
-15.15
-15.155
-15.16
-15.165
-15.17
-15.174
-15.179
-15.184
-15.188
-15.193
-15.197
-15.201
-15.206
-15.21
-15.214
-15.218
-15.222
-15.225
-15.229
-15.232
-15.236
-15.239
-15.242
-15.245
-15.248
-15.25
-15.252
-15.255
-15.257
-15.258
-15.26
-15.261
-15.263
-15.264
-15.265
-15.266
-15.266
-15.267
-15.267
-15.267
-15.267
-15.267
-15.267
-15.267
-15.267
-15.266
-15.265
-15.265
-15.264
-15.263
-15.262
-15.261
-15.26
-15.258
-15.257
-15.256
-15.254
-15.253
-15.251
-15.25
-15.248
-15.246
-15.244
-15.243
-15.241
-15.239
-15.237
-15.235
-15.233
-15.231
-15.229
-15.227
-15.225
-15.224
-15.222
-15.22
-15.218
-15.216
-15.214
-15.212
-15.211
-15.209
-15.207
-15.205
-15.204
-15.202
-15.201
-15.2
-15.198
-15.197
-15.196
-15.195
-15.193
-15.192
-15.191
-15.19
-15.19
-15.189
-15.188
-15.187
-15.186
-15.186
-15.185
-15.184
-15.184
-15.183
-15.183
-15.182
-15.182
-15.181
-15.181
-15.181
-15.18
-15.18
-15.18
-15.179
-15.179
-15.179
-15.178
-15.178
-15.178
-15.177
-15.177
-15.177
-15.177
-15.176
-15.176
-15.176
-15.175
-15.175
-15.175
-15.174
-15.174
-15.174
-15.173
-15.173
-15.172
-15.172
-15.171
-15.171
-15.17
-15.169
-15.169
-15.168
-15.167
-15.166
-15.166
-15.165
-15.164
-15.163
-15.162
-15.161
-15.16
-15.158
-15.157
-15.156
-15.154
-15.153
-15.152
-15.15
-15.148
-15.147
-15.145
-15.143
-15.141
-15.139
-15.137
-15.135
-15.132
-15.13
-15.128
-15.125
-15.122
-15.12
-15.117
-15.114
-15.111
-15.108
-15.105
-15.101
-15.098
-15.094
-15.091
-15.087
-15.083
-15.079
-15.075
-15.071
-15.066
-15.062
-15.057
-15.052
-15.047
-15.042
-15.037
-15.032
-15.027
-15.021
-15.015
-15.01
-15.004
-14.998
-14.991
-14.985
-14.978
-14.972
-14.965
-14.958
-14.95
-14.943
-14.936
-14.928
-14.921
-14.913
-14.905
-14.897
-14.889
-14.881
-14.873
-14.865
-14.857
-14.849
-14.842
-14.834
-14.826
-14.818
-14.81
-14.803
-14.795
-14.788
-14.78
-14.773
-14.766
-14.759
-14.753
-14.746
-14.74
-14.734
-14.728
-14.722
-14.717
-14.712
-14.707
-14.702
-14.698
-14.694
-14.691
-14.687
-14.684
-14.682
-14.679
-14.678
-14.676
-14.675
-14.674
-14.674
-14.674
-14.675
-14.676
-14.678
-14.68
-14.682
-14.685
-14.689
-14.693
-14.698
-14.703
-14.709
-14.715
-14.722
-14.73
-14.738
-14.746
-14.755
-14.764
-14.773
-14.783
-14.793
-14.804
-14.815
-14.826
-14.837
-14.848
-14.86
-14.872
-14.884
-14.896
-14.908
-14.92
-14.932
-14.944
-14.956
-14.968
-14.98
-14.992
-15.004
-15.015
-15.026
-15.038
-15.048
-15.059
-15.069
-15.08
-15.089
-15.099
-15.108
-15.116
-15.124
-15.132
-15.139
-15.146
-15.152
-15.158
-15.163
-15.167
-15.171
-15.174
-15.176
-15.178
-15.179
-15.179
-15.179
-15.177
-15.175
-15.172
-15.168
-15.163
-15.157
-15.151
-15.143
-15.134
-15.125
-15.115
-15.104
-15.092
-15.08
-15.067
-15.053
-15.038
-15.023
-15.007
-14.991
-14.974
-14.956
-14.938
-14.92
-14.901
-14.881
-14.862
-14.841
-14.821
-14.8
-14.778
-14.757
-14.735
-14.713
-14.69
-14.668
-14.645
-14.622
-14.599
-14.576
-14.552
-14.529
-14.506
-14.483
-14.459
-14.436
-14.413
-14.39
-14.367
-14.344
-14.321
-14.298
-14.276
-14.254
-14.232
-14.211
-14.19
-14.169
-14.148
-14.128
-14.108
-14.089
-14.07
-14.052
-14.034
-14.017
-14
-13.984
-13.968
-13.953
-13.938
-13.924
-13.91
-13.896
-13.884
-13.871
-13.859
-13.847
-13.836
-13.825
-13.815
-13.805
-13.795
-13.786
-13.777
-13.768
-13.76
-13.752
-13.745
-13.737
-13.73
-13.724
-13.717
-13.711
-13.705
-13.7
-13.694
-13.689
-13.684
-13.68
-13.675
-13.671
-13.667
-13.663
-13.659
-13.656
-13.652
-13.649
-13.646
-13.643
-13.64
-13.637
-13.635
-13.632
-13.63
-13.627
-13.625
-13.623
-13.621
-13.619
-13.616
-13.614
-13.612
-13.61
-13.608
-13.606
-13.604
-13.601
-13.599
-13.597
-13.595
-13.593
-13.591
-13.589
-13.587
-13.585
-13.583
-13.581
-13.579
-13.577
-13.575
-13.574
-13.572
-13.571
-13.569
-13.568
-13.566
-13.565
-13.564
-13.563
-13.562
-13.562
-13.561
-13.561
-13.56
-13.56
-13.56
-13.56
-13.561
-13.561
-13.562
-13.562
-13.563
-13.565
-13.566
-13.567
-13.569
-13.571
-13.573
-13.576
-13.578
-13.581
-13.584
-13.587
-13.591
-13.595
-13.599
-13.603
-13.608
-13.612
-13.618
-13.623
-13.629
-13.635
-13.641
-13.647
-13.654
-13.661
-13.669
-13.676
-13.684
-13.692
-13.701
-13.709
-13.718
-13.726
-13.735
-13.744
-13.754
-13.763
-13.772
-13.782
-13.791
-13.801
-13.81
-13.82
-13.829
-13.839
-13.849
-13.858
-13.868
-13.877
-13.886
-13.896
-13.905
-13.914
-13.922
-13.931
-13.94
-13.948
-13.956
-13.964
-13.972
-13.979
-13.986
-13.993
-14
-14.006
-14.012
-14.018
-14.024
-14.029
-14.033
-14.038
-14.042
-14.045
-14.048
-14.051
-14.053
-14.055
-14.056
-14.057
-14.057
-14.056
-14.056
-14.054
-14.052
-14.05
-14.047
-14.044
-14.04
-14.035
-14.031
-14.026
-14.02
-14.014
-14.008
-14.002
-13.995
-13.988
-13.98
-13.973
-13.965
-13.957
-13.949
-13.94
-13.932
-13.923
-13.914
-13.905
-13.896
-13.887
-13.878
-13.869
-13.86
-13.851
-13.842
-13.834
-13.825
-13.816
-13.807
-13.799
-13.791
-13.783
-13.775
-13.767
-13.759
-13.752
-13.745
-13.739
-13.732
-13.726
-13.721
-13.715
-13.71
-13.706
-13.702
-13.698
-13.695
-13.692
-13.69
-13.689
-13.688
-13.687
-13.687
-13.688
-13.689
-13.691
-13.693
-13.696
-13.7
-13.704
-13.708
-13.714
-13.719
-13.725
-13.732
-13.739
-13.747
-13.755
-13.763
-13.772
-13.782
-13.792
-13.802
-13.813
-13.824
-13.836
-13.847
-13.86
-13.872
-13.886
-13.899
-13.913
-13.927
-13.941
-13.956
-13.971
-13.986
-14.002
-14.018
-14.034
-14.05
-14.067
-14.084
-14.101
-14.119
-14.136
-14.154
-14.172
-14.19
-14.209
-14.227
-14.246
-14.265
-14.284
-14.303
-14.322
-14.341
-14.361
-14.38
-14.4
-14.42
-14.44
-14.46
-14.479
-14.499
-14.519
-14.539
-14.559
-14.579
-14.599
-14.619
-14.639
-14.659
-14.679
-14.699
-14.719
-14.738
-14.758
-14.777
-14.796
-14.816
-14.835
-14.854
-14.872
-14.891
-14.909
-14.927
-14.945
-14.963
-14.981
-14.998
-15.015
-15.032
-15.048
-15.064
-15.08
-15.096
-15.111
-15.126
-15.141
-15.156
-15.17
-15.183
-15.196
-15.209
-15.222
-15.234
-15.246
-15.257
-15.268
-15.278
-15.288
-15.297
-15.306
-15.315
-15.323
-15.33
-15.337
-15.344
-15.349
-15.355
-15.36
-15.364
-15.367
-15.37
-15.373
-15.375
-15.376
-15.377
-15.377
-15.377
-15.377
-15.375
-15.374
-15.372
-15.369
-15.366
-15.363
-15.36
-15.355
-15.351
-15.346
-15.341
-15.336
-15.33
-15.324
-15.317
-15.31
-15.303
-15.296
-15.289
-15.281
-15.273
-15.265
-15.257
-15.248
-15.239
-15.23
-15.221
-15.212
-15.203
-15.193
-15.184
-15.174
-15.165
-15.155
-15.145
-15.135
-15.125
-15.116
-15.106
-15.096
-15.086
-15.076
-15.066
-15.057
-15.047
-15.038
-15.028
-15.019
-15.01
-15.001
-14.992
-14.983
-14.974
-14.966
-14.958
-14.95
-14.942
-14.934
-14.927
-14.92
-14.913
-14.906
-14.9
-14.894
-14.888
-14.882
-14.876
-14.871
-14.867
-14.862
-14.858
-14.854
-14.85
-14.847
-14.844
-14.842
-14.839
-14.837
-14.836
-14.835
-14.834
-14.834
-14.834
-14.834
-14.835
-14.836
-14.838
-14.84
-14.843
-14.846
-14.849
-14.853
-14.858
-14.863
-14.868
-14.874
-14.88
-14.887
-14.895
-14.903
-14.911
-14.92
-14.93
-14.94
-14.951
-14.962
-14.974
-14.986
-15
-15.013
-15.028
-15.042
-15.058
-15.074
-15.091
-15.108
-15.125
-15.143
-15.162
-15.181
-15.2
-15.22
-15.24
-15.261
-15.282
-15.303
-15.324
-15.346
-15.368
-15.39
-15.412
-15.434
-15.457
-15.479
-15.502
-15.524
-15.547
-15.57
-15.593
-15.615
-15.638
-15.66
-15.683
-15.705
-15.727
-15.749
-15.771
-15.792
-15.814
-15.835
-15.855
-15.876
-15.896
-15.915
-15.934
-15.953
-15.972
-15.99
-16.007
-16.024
-16.04
-16.056
-16.071
-16.086
-16.1
-16.113
-16.126
-16.138
-16.149
-16.16
-16.169
-16.178
-16.186
-16.194
-16.2
-16.206
-16.212
-16.216
-16.22
-16.224
-16.226
-16.229
-16.23
-16.231
-16.232
-16.232
-16.231
-16.231
-16.229
-16.228
-16.225
-16.223
-16.22
-16.217
-16.214
-16.21
-16.206
-16.202
-16.197
-16.193
-16.188
-16.183
-16.178
-16.173
-16.168
-16.162
-16.157
-16.152
-16.146
-16.141
-16.136
-16.13
-16.125
-16.12
-16.115
-16.11
-16.106
-16.101
-16.097
-16.093
-16.09
-16.086
-16.083
-16.08
-16.078
-16.076
-16.074
-16.073
-16.072
-16.071
-16.071
-16.072
-16.073
-16.075
-16.077
-16.079
-16.082
-16.085
-16.089
-16.093
-16.097
-16.102
-16.107
-16.113
-16.119
-16.125
-16.131
-16.138
-16.145
-16.152
-16.16
-16.168
-16.176
-16.184
-16.193
-16.201
-16.21
-16.219
-16.228
-16.238
-16.247
-16.257
-16.266
-16.276
-16.286
-16.296
-16.306
-16.316
-16.326
-16.336
-16.346
-16.356
-16.366
-16.376
-16.386
-16.396
-16.406
-16.416
-16.426
-16.435
-16.445
-16.454
-16.463
-16.473
-16.481
-16.49
-16.499
-16.507
-16.515
-16.523
-16.531
-16.538
-16.545
-16.552
-16.559
-16.565
-16.571
-16.577
-16.583
-16.588
-16.593
-16.598
-16.603
-16.608
-16.612
-16.616
-16.62
-16.623
-16.627
-16.63
-16.633
-16.636
-16.638
-16.641
-16.643
-16.645
-16.647
-16.648
-16.65
-16.651
-16.652
-16.653
-16.653
-16.654
-16.654
-16.654
-16.654
-16.654
-16.653
-16.653
-16.652
-16.651
-16.65
-16.649
-16.647
-16.646
-16.644
-16.642
-16.64
-16.638
-16.636
-16.634
-16.631
-16.628
-16.626
-16.623
-16.62
-16.617
-16.613
-16.61
-16.606
-16.603
-16.599
-16.595
-16.591
-16.587
-16.583
-16.578
-16.574
-16.569
-16.565
-16.56
-16.555
-16.55
-16.546
-16.541
-16.535
-16.53
-16.525
-16.52
-16.514
-16.509
-16.503
-16.497
-16.492
-16.486
-16.48
-16.474
-16.468
-16.462
-16.456
-16.45
-16.444
-16.438
-16.432
-16.426
-16.419
-16.413
-16.407
-16.401
-16.394
-16.388
-16.381
-16.375
-16.368
-16.362
-16.355
-16.349
-16.342
-16.336
-16.329
-16.323
-16.316
-16.31
-16.303
-16.297
-16.29
-16.284
-16.278
-16.271
-16.265
-16.258
-16.252
-16.246
-16.239
-16.233
-16.227
-16.221
-16.214
-16.208
-16.202
-16.196
-16.19
-16.184
-16.178
-16.173
-16.167
-16.161
-16.155
-16.15
-16.144
-16.139
-16.133
-16.128
-16.123
-16.118
-16.113
-16.108
-16.103
-16.098
-16.093
-16.089
-16.084
-16.08
-16.075
-16.071
-16.067
-16.063
-16.059
-16.055
-16.051
-16.048
-16.044
-16.041
-16.038
-16.035
-16.032
-16.029
-16.026
-16.024
-16.021
-16.019
-16.017
-16.015
-16.013
-16.011
-16.009
-16.008
-16.007
-16.006
-16.005
-16.004
-16.003
-16.003
-16.003
-16.002
-16.002
-16.003
-16.003
-16.003
-16.004
-16.005
-16.006
-16.007
-16.008
-16.01
-16.011
-16.013
-16.015
-16.017
-16.019
-16.022
-16.024
-16.027
-16.03
-16.033
-16.036
-16.039
-16.043
-16.047
-16.05
-16.054
-16.059
-16.063
-16.067
-16.072
-16.077
-16.082
-16.087
-16.092
-16.097
-16.103
-16.109
-16.114
-16.12
-16.127
-16.133
-16.139
-16.146
-16.153
-16.16
-16.167
-16.174
-16.181
-16.189
-16.197
-16.205
-16.213
-16.221
-16.229
-16.238
-16.246
-16.255
-16.264
-16.273
-16.282
-16.291
-16.3
-16.31
-16.319
-16.328
-16.338
-16.347
-16.357
-16.366
-16.375
-16.385
-16.394
-16.403
-16.412
-16.421
-16.43
-16.439
-16.447
-16.456
-16.464
-16.472
-16.48
-16.488
-16.495
-16.502
-16.509
-16.516
-16.523
-16.529
-16.535
-16.54
-16.545
-16.55
-16.555
-16.559
-16.563
-16.566
-16.569
-16.572
-16.574
-16.575
-16.577
-16.577
-16.578
-16.577
-16.577
-16.575
-16.574
-16.571
-16.568
-16.565
-16.561
-16.556
-16.55
-16.544
-16.538
-16.531
-16.523
-16.514
-16.505
-16.496
-16.486
-16.475
-16.464
-16.452
-16.44
-16.428
-16.415
-16.402
-16.388
-16.374
-16.36
-16.345
-16.33
-16.315
-16.3
-16.284
-16.268
-16.252
-16.236
-16.22
-16.203
-16.187
-16.17
-16.153
-16.137
-16.12
-16.103
-16.086
-16.069
-16.053
-16.036
-16.019
-16.003
-15.987
-15.97
-15.954
-15.939
-15.923
-15.908
-15.892
-15.878
-15.863
-15.849
-15.835
-15.821
-15.808
-15.795
-15.783
-15.771
-15.759
-15.748
-15.737
-15.727
-15.718
-15.709
-15.7
-15.692
-15.685
-15.678
-15.672
-15.666
-15.66
-15.656
-15.651
-15.647
-15.644
-15.641
-15.639
-15.637
-15.635
-15.634
-15.634
-15.633
-15.634
-15.634
-15.636
-15.637
-15.639
-15.642
-15.644
-15.647
-15.651
-15.655
-15.659
-15.664
-15.669
-15.674
-15.68
-15.686
-15.693
-15.7
-15.707
-15.714
-15.722
-15.73
-15.738
-15.747
-15.756
-15.765
-15.775
-15.785
-15.795
-15.805
-15.816
-15.827
-15.838
-15.849
-15.861
-15.873
-15.885
-15.897
-15.91
-15.922
-15.935
-15.948
-15.962
-15.975
-15.989
-16.002
-16.016
-16.03
-16.044
-16.059
-16.073
-16.087
-16.102
-16.116
-16.131
-16.145
-16.16
-16.174
-16.189
-16.203
-16.218
-16.232
-16.247
-16.261
-16.275
-16.289
-16.303
-16.317
-16.33
-16.344
-16.357
-16.371
-16.384
-16.396
-16.409
-16.421
-16.433
-16.445
-16.457
-16.468
-16.479
-16.49
-16.5
-16.511
-16.52
-16.53
-16.539
-16.548
-16.556
-16.564
-16.571
-16.578
-16.585
-16.591
-16.597
-16.602
-16.607
-16.611
-16.615
-16.618
-16.621
-16.623
-16.625
-16.626
-16.626
-16.626
-16.626
-16.625
-16.624
-16.622
-16.62
-16.618
-16.615
-16.612
-16.608
-16.605
-16.6
-16.596
-16.591
-16.586
-16.581
-16.576
-16.57
-16.564
-16.558
-16.552
-16.546
-16.539
-16.533
-16.526
-16.519
-16.513
-16.506
-16.499
-16.492
-16.485
-16.478
-16.471
-16.465
-16.458
-16.451
-16.445
-16.438
-16.432
-16.426
-16.42
-16.414
-16.408
-16.403
-16.398
-16.393
-16.388
-16.384
-16.379
-16.376
-16.372
-16.369
-16.366
-16.364
-16.362
-16.36
-16.359
-16.358
-16.357
-16.357
-16.358
-16.358
-16.359
-16.361
-16.362
-16.364
-16.366
-16.369
-16.372
-16.375
-16.378
-16.382
-16.386
-16.39
-16.394
-16.399
-16.403
-16.408
-16.413
-16.418
-16.423
-16.429
-16.434
-16.44
-16.445
-16.451
-16.457
-16.463
-16.469
-16.475
-16.481
-16.487
-16.493
-16.499
-16.504
-16.51
-16.516
-16.522
-16.528
-16.533
-16.539
-16.544
-16.549
-16.554
-16.559
-16.564
-16.569
-16.573
-16.577
-16.581
-16.585
-16.589
-16.592
-16.595
-16.598
-16.601
-16.603
-16.605
-16.607
-16.608
-16.609
-16.61
-16.611
-16.611
-16.611
-16.611
-16.611
-16.61
-16.609
-16.608
-16.607
-16.606
-16.604
-16.602
-16.6
-16.598
-16.595
-16.592
-16.589
-16.586
-16.583
-16.58
-16.576
-16.572
-16.569
-16.565
-16.56
-16.556
-16.552
-16.547
-16.542
-16.538
-16.533
-16.528
-16.522
-16.517
-16.512
-16.506
-16.501
-16.495
-16.489
-16.484
-16.478
-16.472
-16.466
-16.46
-16.454
-16.448
-16.442
-16.435
-16.429
-16.423
-16.417
-16.41
-16.404
-16.398
-16.392
-16.385
-16.379
-16.373
-16.366
-16.36
-16.354
-16.348
-16.341
-16.335
-16.329
-16.323
-16.317
-16.311
-16.304
-16.298
-16.292
-16.286
-16.28
-16.274
-16.268
-16.262
-16.257
-16.251
-16.245
-16.239
-16.234
-16.228
-16.222
-16.217
-16.211
-16.206
-16.201
-16.195
-16.19
-16.185
-16.18
-16.175
-16.17
-16.165
-16.16
-16.155
-16.151
-16.146
-16.141
-16.137
-16.133
-16.128
-16.124
-16.12
-16.116
-16.112
-16.108
-16.104
-16.101
-16.097
-16.094
-16.09
-16.087
-16.084
-16.081
-16.078
-16.075
-16.073
-16.07
-16.068
-16.065
-16.063
-16.061
-16.059
-16.057
-16.055
-16.054
-16.052
-16.051
-16.05
-16.049
-16.048
-16.047
-16.047
-16.046
-16.046
-16.046
-16.045
-16.046
-16.046
-16.046
-16.047
-16.048
-16.049
-16.05
-16.051
-16.052
-16.054
-16.055
-16.057
-16.059
-16.062
-16.064
-16.067
-16.07
-16.072
-16.076
-16.079
-16.082
-16.086
-16.09
-16.094
-16.099
-16.103
-16.108
-16.113
-16.118
-16.123
-16.128
-16.134
-16.14
-16.146
-16.153
-16.159
-16.166
-16.173
-16.18
-16.187
-16.195
-16.203
-16.211
-16.219
-16.227
-16.235
-16.243
-16.252
-16.26
-16.269
-16.278
-16.287
-16.296
-16.304
-16.313
-16.322
-16.331
-16.34
-16.349
-16.358
-16.367
-16.376
-16.385
-16.393
-16.402
-16.411
-16.419
-16.428
-16.436
-16.444
-16.452
-16.46
-16.468
-16.475
-16.483
-16.49
-16.497
-16.504
-16.51
-16.517
-16.523
-16.529
-16.534
-16.54
-16.545
-16.55
-16.554
-16.558
-16.562
-16.566
-16.569
-16.572
-16.574
-16.576
-16.578
-16.58
-16.581
-16.581
-16.581
-16.581
-16.581
-16.58
-16.579
-16.577
-16.575
-16.573
-16.57
-16.568
-16.565
-16.561
-16.558
-16.554
-16.55
-16.546
-16.541
-16.537
-16.532
-16.527
-16.522
-16.516
-16.511
-16.505
-16.499
-16.493
-16.487
-16.481
-16.475
-16.469
-16.462
-16.456
-16.449
-16.443
-16.436
-16.43
-16.423
-16.417
-16.41
-16.404
-16.397
-16.391
-16.385
-16.378
-16.372
-16.366
-16.36
-16.354
-16.348
-16.343
-16.337
-16.332
-16.327
-16.322
-16.317
-16.312
-16.308
-16.304
-16.3
-16.296
-16.292
-16.289
-16.286
-16.283
-16.28
-16.277
-16.275
-16.273
-16.271
-16.269
-16.267
-16.266
-16.265
-16.263
-16.262
-16.262
-16.261
-16.26
-16.26
-16.259
-16.259
-16.259
-16.259
-16.259
-16.26
-16.26
-16.26
-16.261
-16.262
-16.262
-16.263
-16.264
-16.265
-16.266
-16.267
-16.268
-16.27
-16.271
-16.272
-16.274
-16.275
-16.276
-16.278
-16.279
-16.281
-16.282
-16.284
-16.285
-16.287
-16.288
-16.29
-16.291
-16.293
-16.294
-16.296
-16.297
-16.298
-16.3
-16.301
-16.302
-16.303
-16.304
-16.305
-16.307
-16.308
-16.309
-16.31
-16.31
-16.311
-16.312
-16.313
-16.314
-16.314
-16.315
-16.316
-16.316
-16.317
-16.318
-16.318
-16.319
-16.319
-16.32
-16.32
-16.321
-16.321
-16.322
-16.322
-16.322
-16.323
-16.323
-16.323
-16.324
-16.324
-16.324
-16.325
-16.325
-16.325
-16.325
-16.326
-16.326
-16.326
-16.326
-16.326
-16.327
-16.327
-16.327
-16.327
-16.327
-16.328
-16.328
-16.328
-16.328
-16.328
-16.329
-16.329
-16.329
-16.329
-16.33
-16.33
-16.33
-16.33
-16.331
-16.331
-16.331
-16.332
-16.332
-16.332
-16.333
-16.333
-16.334
-16.334
-16.335
-16.335
-16.336
-16.336
-16.337
-16.337
-16.338
-16.338
-16.339
-16.34
-16.341
-16.341
-16.342
-16.343
-16.344
-16.345
-16.346
-16.347
-16.348
-16.349
-16.35
-16.351
-16.352
-16.353
-16.355
-16.356
-16.357
-16.359
-16.36
-16.362
-16.363
-16.365
-16.366
-16.368
-16.37
-16.372
-16.373
-16.375
-16.377
-16.379
-16.381
-16.384
-16.386
-16.388
-16.39
-16.393
-16.395
-16.398
-16.4
-16.403
-16.406
-16.408
-16.411
-16.414
-16.417
-16.42
-16.423
-16.426
-16.43
-16.433
-16.437
-16.44
-16.444
-16.447
-16.451
-16.455
-16.459
-16.463
-16.467
-16.471
-16.475
-16.479
-16.484
-16.488
-16.493
-16.498
-16.502
-16.507
-16.512
-16.517
-16.522
-16.528
-16.533
-16.538
-16.544
-16.549
-16.555
-16.561
-16.567
-16.573
-16.579
-16.585
-16.592
-16.598
-16.605
-16.611
-16.618
-16.625
-16.632
-16.639
-16.646
-16.653
-16.661
-16.668
-16.676
-16.684
-16.692
-16.7
-16.708
-16.716
-16.725
-16.733
-16.742
-16.75
-16.759
-16.768
-16.777
-16.787
-16.796
-16.806
-16.815
-16.825
-16.835
-16.845
-16.855
-16.865
-16.876
-16.886
-16.897
-16.908
-16.919
-16.93
-16.941
-16.953
-16.964
-16.976
-16.988
-17
-17.012
-17.024
-17.037
-17.049
-17.062
-17.075
-17.088
-17.101
-17.115
-17.128
-17.142
-17.155
-17.169
-17.184
-17.198
-17.212
-17.227
-17.242
-17.257
-17.272
-17.287
-17.302
-17.318
-17.334
-17.35
-17.366
-17.382
-17.398
-17.415
-17.432
-17.449
-17.466
-17.483
-17.5
-17.518
-17.535
-17.553
-17.571
-17.589
-17.606
-17.624
-17.642
-17.66
-17.678
-17.696
-17.714
-17.731
-17.749
-17.767
-17.784
-17.802
-17.819
-17.837
-17.854
-17.871
-17.888
-17.905
-17.921
-17.938
-17.954
-17.97
-17.985
-18.001
-18.016
-18.031
-18.046
-18.06
-18.074
-18.088
-18.101
-18.115
-18.127
-18.14
-18.152
-18.163
-18.175
-18.185
-18.196
-18.206
-18.215
-18.224
-18.233
-18.241
-18.249
-18.256
-18.262
-18.268
-18.274
-18.279
-18.283
-18.287
-18.29
-18.292
-18.295
-18.296
-18.297
-18.298
-18.298
-18.298
-18.297
-18.295
-18.294
-18.292
-18.289
-18.286
-18.283
-18.279
-18.275
-18.27
-18.265
-18.26
-18.254
-18.248
-18.242
-18.236
-18.229
-18.222
-18.215
-18.207
-18.199
-18.191
-18.183
-18.174
-18.166
-18.157
-18.148
-18.138
-18.129
-18.119
-18.11
-18.1
-18.09
-18.08
-18.07
-18.06
-18.049
-18.039
-18.029
-18.018
-18.008
-17.997
-17.987
-17.976
-17.966
-17.955
-17.945
-17.935
-17.925
-17.914
-17.904
-17.894
-17.884
-17.875
-17.865
-17.855
-17.846
-17.836
-17.827
-17.818
-17.809
-17.8
-17.791
-17.783
-17.774
-17.766
-17.758
-17.75
-17.742
-17.734
-17.726
-17.719
-17.712
-17.705
-17.698
-17.691
-17.685
-17.678
-17.672
-17.666
-17.66
-17.655
-17.65
-17.645
-17.64
-17.635
-17.631
-17.626
-17.622
-17.619
-17.615
-17.612
-17.609
-17.606
-17.604
-17.602
-17.6
-17.598
-17.597
-17.595
-17.595
-17.594
-17.594
-17.594
-17.594
-17.595
-17.596
-17.597
-17.598
-17.6
-17.602
-17.605
-17.608
-17.611
-17.614
-17.618
-17.622
-17.626
-17.631
-17.636
-17.641
-17.646
-17.652
-17.658
-17.664
-17.67
-17.677
-17.684
-17.691
-17.699
-17.706
-17.714
-17.722
-17.731
-17.739
-17.748
-17.757
-17.766
-17.775
-17.785
-17.795
-17.805
-17.815
-17.825
-17.836
-17.846
-17.857
-17.868
-17.879
-17.89
-17.902
-17.913
-17.925
-17.937
-17.949
-17.961
-17.973
-17.986
-17.998
-18.011
-18.023
-18.036
-18.049
-18.062
-18.075
-18.088
-18.101
-18.114
-18.128
-18.141
-18.155
-18.168
-18.182
-18.195
-18.209
-18.223
-18.236
-18.25
-18.264
-18.277
-18.291
-18.305
-18.319
-18.332
-18.346
-18.36
-18.373
-18.387
-18.401
-18.414
-18.428
-18.441
-18.455
-18.468
-18.481
-18.494
-18.507
-18.52
-18.533
-18.546
-18.559
-18.571
-18.583
-18.596
-18.608
-18.62
-18.632
-18.644
-18.655
-18.667
-18.678
-18.689
-18.7
-18.711
-18.721
-18.732
-18.742
-18.752
-18.762
-18.771
-18.78
-18.789
-18.798
-18.807
-18.815
-18.823
-18.831
-18.839
-18.846
-18.853
-18.86
-18.867
-18.873
-18.879
-18.885
-18.89
-18.896
-18.901
-18.905
-18.91
-18.914
-18.918
-18.922
-18.926
-18.93
-18.933
-18.936
-18.939
-18.942
-18.944
-18.947
-18.949
-18.951
-18.953
-18.954
-18.956
-18.958
-18.959
-18.96
-18.961
-18.962
-18.963
-18.964
-18.965
-18.965
-18.966
-18.966
-18.966
-18.966
-18.967
-18.967
-18.967
-18.967
-18.967
-18.967
-18.966
-18.966
-18.966
-18.966
-18.965
-18.965
-18.965
-18.965
-18.964
-18.964
-18.964
-18.964
-18.964
-18.963
-18.963
-18.963
-18.963
-18.963
-18.963
-18.963
-18.963
-18.963
-18.964
-18.964
-18.964
-18.964
-18.965
-18.965
-18.965
-18.966
-18.966
-18.967
-18.967
-18.968
-18.969
-18.969
-18.97
-18.971
-18.971
-18.972
-18.973
-18.974
-18.974
-18.975
-18.976
-18.977
-18.978
-18.979
-18.98
-18.981
-18.982
-18.983
-18.984
-18.985
-18.986
-18.987
-18.988
-18.99
-18.991
-18.992
-18.993
-18.994
-18.996
-18.997
-18.998
-18.999
-19.001
-19.002
-19.003
-19.005
-19.006
-19.007
-19.009
-19.01
-19.012
-19.013
-19.014
-19.016
-19.017
-19.019
-19.02
-19.022
-19.023
-19.024
-19.026
-19.027
-19.029
-19.03
-19.032
-19.033
-19.035
-19.036
-19.038
-19.039
-19.041
-19.042
-19.043
-19.045
-19.046
-19.048
-19.049
-19.051
-19.052
-19.054
-19.055
-19.056
-19.058
-19.059
-19.061
-19.062
-19.063
-19.065
-19.066
-19.067
-19.069
-19.07
-19.071
-19.073
-19.074
-19.075
-19.076
-19.078
-19.079
-19.08
-19.081
-19.082
-19.083
-19.085
-19.086
-19.087
-19.088
-19.089
-19.09
-19.091
-19.092
-19.093
-19.094
-19.095
-19.095
-19.096
-19.097
-19.098
-19.099
-19.1
-19.1
-19.101
-19.102
-19.103
-19.103
-19.104
-19.105
-19.105
-19.106
-19.106
-19.107
-19.108
-19.108
-19.109
-19.11
-19.11
-19.111
-19.111
-19.112
-19.112
-19.113
-19.113
-19.114
-19.114
-19.115
-19.116
-19.116
-19.117
-19.117
-19.118
-19.118
-19.119
-19.119
-19.12
-19.12
-19.121
-19.121
-19.122
-19.123
-19.123
-19.124
-19.124
-19.125
-19.126
-19.126
-19.127
-19.128
-19.128
-19.129
-19.13
-19.13
-19.131
-19.132
-19.133
-19.133
-19.134
-19.135
-19.136
-19.137
-19.137
-19.138
-19.139
-19.14
-19.141
-19.142
-19.143
-19.144
-19.145
-19.146
-19.147
-19.149
-19.15
-19.151
-19.152
-19.154
-19.155
-19.156
-19.157
-19.159
-19.16
-19.162
-19.163
-19.165
-19.166
-19.168
-19.17
-19.171
-19.173
-19.175
-19.177
-19.178
-19.18
-19.182
-19.184
-19.186
-19.188
-19.19
-19.193
-19.195
-19.197
-19.199
-19.202
-19.204
-19.206
-19.209
-19.211
-19.214
-19.217
-19.219
-19.222
-19.225
-19.228
-19.231
-19.234
-19.237
-19.24
-19.243
-19.246
-19.249
-19.252
-19.255
-19.259
-19.262
-19.265
-19.268
-19.271
-19.275
-19.278
-19.281
-19.285
-19.288
-19.291
-19.294
-19.297
-19.301
-19.304
-19.307
-19.31
-19.313
-19.316
-19.319
-19.322
-19.324
-19.327
-19.33
-19.333
-19.335
-19.338
-19.34
-19.343
-19.345
-19.347
-19.349
-19.351
-19.353
-19.355
-19.357
-19.358
-19.36
-19.361
-19.363
-19.364
-19.365
-19.366
-19.367
-19.367
-19.368
-19.368
-19.369
-19.369
-19.369
-19.369
-19.368
-19.368
-19.367
-19.366
-19.365
-19.364
-19.363
-19.362
-19.36
-19.359
-19.357
-19.355
-19.353
-19.351
-19.348
-19.346
-19.343
-19.341
-19.338
-19.335
-19.332
-19.328
-19.325
-19.322
-19.318
-19.314
-19.31
-19.306
-19.302
-19.298
-19.294
-19.289
-19.285
-19.28
-19.275
-19.27
-19.265
-19.26
-19.255
-19.25
-19.244
-19.239
-19.233
-19.227
-19.221
-19.215
-19.209
-19.203
-19.197
-19.191
-19.184
-19.178
-19.171
-19.164
-19.158
-19.151
-19.144
-19.137
-19.129
-19.122
-19.115
-19.108
-19.1
-19.092
-19.085
-19.077
-19.069
-19.061
-19.053
-19.045
-19.037
-19.029
-19.021
-19.012
-19.004
-18.995
-18.987
-18.978
-18.969
-18.96
-18.951
-18.942
-18.933
-18.924
-18.915
-18.905
-18.896
-18.886
-18.877
-18.867
-18.857
-18.847
-18.837
-18.827
-18.817
-18.807
-18.797
-18.786
-18.776
-18.766
-18.755
-18.744
-18.734
-18.723
-18.712
-18.701
-18.69
-18.679
-18.668
-18.656
-18.645
-18.634
-18.622
-18.611
-18.599
-18.587
-18.575
-18.564
-18.552
-18.54
-18.528
-18.515
-18.503
-18.491
-18.478
-18.466
-18.453
-18.441
-18.428
-18.415
-18.402
-18.389
-18.376
-18.363
-18.35
-18.337
-18.324
-18.31
-18.297
-18.283
-18.27
-18.256
-18.242
-18.229
-18.215
-18.201
-18.187
-18.173
-18.158
-18.144
-18.13
-18.115
-18.101
-18.086
-18.072
-18.057
-18.042
-18.028
-18.013
-17.998
-17.983
-17.968
-17.952
-17.937
-17.922
-17.907
-17.891
-17.876
-17.86
-17.844
-17.829
-17.813
-17.797
-17.781
-17.765
-17.749
-17.733
-17.717
-17.7
-17.684
-17.668
-17.651
-17.635
-17.618
-17.602
-17.585
-17.568
-17.552
-17.535
-17.518
-17.502
-17.485
-17.469
-17.452
-17.436
-17.419
-17.403
-17.387
-17.371
-17.354
-17.338
-17.322
-17.307
-17.291
-17.275
-17.26
-17.244
-17.229
-17.214
-17.199
-17.185
-17.17
-17.156
-17.141
-17.127
-17.114
-17.1
-17.087
-17.073
-17.061
-17.048
-17.035
-17.023
-17.011
-17
-16.988
-16.977
-16.966
-16.956
-16.946
-16.936
-16.926
-16.917
-16.908
-16.9
-16.891
-16.884
-16.876
-16.869
-16.862
-16.856
-16.85
-16.844
-16.839
-16.834
-16.829
-16.825
-16.821
-16.818
-16.814
-16.811
-16.808
-16.806
-16.804
-16.802
-16.8
-16.799
-16.797
-16.797
-16.796
-16.795
-16.795
-16.795
-16.795
-16.795
-16.796
-16.796
-16.797
-16.798
-16.799
-16.8
-16.802
-16.803
-16.805
-16.807
-16.809
-16.81
-16.812
-16.815
-16.817
-16.819
-16.821
-16.824
-16.826
-16.828
-16.831
-16.833
-16.836
-16.838
-16.841
-16.843
-16.845
-16.848
-16.85
-16.852
-16.855
-16.857
-16.859
-16.861
-16.863
-16.865
-16.867
-16.868
-16.87
-16.871
-16.873
-16.874
-16.876
-16.877
-16.878
-16.879
-16.88
-16.881
-16.882
-16.882
-16.883
-16.884
-16.884
-16.885
-16.885
-16.885
-16.886
-16.886
-16.886
-16.886
-16.886
-16.886
-16.886
-16.885
-16.885
-16.885
-16.884
-16.884
-16.883
-16.882
-16.882
-16.881
-16.88
-16.879
-16.878
-16.877
-16.876
-16.875
-16.874
-16.872
-16.871
-16.87
-16.868
-16.867
-16.865
-16.864
-16.862
-16.86
-16.858
-16.856
-16.855
-16.853
-16.851
-16.849
-16.846
-16.844
-16.842
-16.84
-16.838
-16.835
-16.833
-16.83
-16.828
-16.825
-16.823
-16.82
-16.817
-16.815
-16.812
-16.809
-16.806
-16.803
-16.8
-16.797
-16.794
-16.791
-16.788
-16.785
-16.782
-16.779
-16.775
-16.772
-16.769
-16.765
-16.762
-16.759
-16.755
-16.752
-16.748
-16.745
-16.741
-16.737
-16.734
-16.73
-16.726
-16.723
-16.719
-16.715
-16.711
-16.707
-16.703
-16.7
-16.696
-16.692
-16.688
-16.684
-16.68
-16.676
-16.671
-16.667
-16.663
-16.659
-16.655
-16.651
-16.647
-16.642
-16.638
-16.634
-16.63
-16.625
-16.621
-16.617
-16.612
-16.608
-16.604
-16.599
-16.595
-16.591
-16.586
-16.582
-16.577
-16.573
-16.568
-16.564
-16.56
-16.555
-16.551
-16.546
-16.542
-16.537
-16.533
-16.528
-16.524
-16.519
-16.515
-16.51
-16.506
-16.501
-16.497
-16.492
-16.488
-16.483
-16.479
-16.474
-16.47
-16.465
-16.461
-16.456
-16.452
-16.447
-16.443
-16.438
-16.434
-16.429
-16.425
-16.421
-16.416
-16.412
-16.407
-16.403
-16.399
-16.394
-16.39
-16.385
-16.381
-16.377
-16.373
-16.368
-16.364
-16.36
-16.356
-16.351
-16.347
-16.343
-16.339
-16.335
-16.331
-16.327
-16.322
-16.318
-16.314
-16.31
-16.306
-16.302
-16.299
-16.295
-16.291
-16.287
-16.283
-16.279
-16.276
-16.272
-16.268
-16.264
-16.261
-16.257
-16.254
-16.25
-16.246
-16.243
-16.24
-16.236
-16.233
-16.229
-16.226
-16.223
-16.22
-16.216
-16.213
-16.21
-16.207
-16.204
-16.201
-16.198
-16.195
-16.192
-16.189
-16.186
-16.184
-16.181
-16.178
-16.176
-16.173
-16.171
-16.168
-16.166
-16.163
-16.161
-16.159
-16.156
-16.154
-16.152
-16.15
-16.148
-16.146
-16.144
-16.142
-16.141
-16.139
-16.137
-16.136
-16.134
-16.133
-16.132
-16.13
-16.129
-16.128
-16.127
-16.126
-16.125
-16.124
-16.124
-16.123
-16.122
-16.122
-16.121
-16.121
-16.121
-16.121
-16.121
-16.121
-16.121
-16.121
-16.122
-16.122
-16.123
-16.123
-16.124
-16.125
-16.126
-16.127
-16.128
-16.13
-16.131
-16.132
-16.134
-16.136
-16.138
-16.14
-16.142
-16.144
-16.146
-16.149
-16.151
-16.154
-16.157
-16.16
-16.163
-16.166
-16.169
-16.173
-16.176
-16.18
-16.184
-16.188
-16.192
-16.196
-16.2
-16.204
-16.208
-16.213
-16.217
-16.222
-16.226
-16.231
-16.236
-16.241
-16.246
-16.251
-16.256
-16.261
-16.266
-16.272
-16.277
-16.283
-16.288
-16.294
-16.299
-16.305
-16.311
-16.316
-16.322
-16.328
-16.334
-16.34
-16.345
-16.351
-16.357
-16.363
-16.369
-16.375
-16.382
-16.388
-16.394
-16.4
-16.406
-16.412
-16.418
-16.424
-16.431
-16.437
-16.443
-16.449
-16.455
-16.461
-16.467
-16.474
-16.48
-16.486
-16.492
-16.498
-16.504
-16.51
-16.516
-16.522
-16.528
-16.533
-16.539
-16.545
-16.551
-16.556
-16.562
-16.568
-16.573
-16.579
-16.584
-16.589
-16.595
-16.6
-16.605
-16.61
-16.615
-16.62
-16.625
-16.63
-16.635
-16.639
-16.644
-16.649
-16.653
-16.657
-16.662
-16.666
-16.67
-16.674
-16.677
-16.681
-16.685
-16.688
-16.692
-16.695
-16.698
-16.701
-16.704
-16.707
-16.71
-16.713
-16.715
-16.717
-16.72
-16.722
-16.724
-16.725
-16.727
-16.728
-16.73
-16.731
-16.732
-16.733
-16.734
-16.735
-16.735
-16.736
-16.736
-16.736
-16.736
-16.736
-16.736
-16.736
-16.735
-16.735
-16.734
-16.733
-16.732
-16.731
-16.73
-16.729
-16.728
-16.726
-16.725
-16.723
-16.721
-16.719
-16.717
-16.715
-16.713
-16.711
-16.709
-16.706
-16.704
-16.701
-16.699
-16.696
-16.693
-16.69
-16.687
-16.684
-16.681
-16.678
-16.675
-16.671
-16.668
-16.665
-16.661
-16.657
-16.654
-16.65
-16.646
-16.642
-16.639
-16.635
-16.631
-16.627
-16.623
-16.618
-16.614
-16.61
-16.606
-16.602
-16.597
-16.593
-16.588
-16.584
-16.58
-16.575
-16.57
-16.566
-16.561
-16.557
-16.552
-16.547
-16.543
-16.538
-16.533
-16.529
-16.524
-16.519
-16.514
-16.51
-16.505
-16.5
-16.495
-16.491
-16.486
-16.481
-16.476
-16.471
-16.467
-16.462
-16.457
-16.452
-16.448
-16.443
-16.438
-16.434
-16.429
-16.424
-16.42
-16.415
-16.411
-16.406
-16.402
-16.397
-16.393
-16.388
-16.384
-16.38
-16.375
-16.371
-16.367
-16.363
-16.358
-16.354
-16.35
-16.346
-16.342
-16.339
-16.335
-16.331
-16.327
-16.324
-16.32
-16.316
-16.313
-16.31
-16.306
-16.303
-16.3
-16.297
-16.294
-16.291
-16.288
-16.285
-16.282
-16.279
-16.277
-16.274
-16.272
-16.27
-16.267
-16.265
-16.263
-16.261
-16.259
-16.258
-16.256
-16.254
-16.253
-16.252
-16.25
-16.249
-16.248
-16.247
-16.247
-16.246
-16.245
-16.245
-16.245
-16.244
-16.244
-16.244
-16.244
-16.245
-16.245
-16.246
-16.246
-16.247
-16.248
-16.249
-16.25
-16.252
-16.253
-16.255
-16.257
-16.258
-16.26
-16.263
-16.265
-16.267
-16.27
-16.272
-16.275
-16.278
-16.28
-16.283
-16.286
-16.289
-16.292
-16.294
-16.297
-16.3
-16.303
-16.305
-16.308
-16.311
-16.313
-16.315
-16.318
-16.32
-16.322
-16.324
-16.325
-16.327
-16.328
-16.329
-16.33
-16.331
-16.332
-16.332
-16.332
-16.332
-16.332
-16.331
-16.33
-16.329
-16.327
-16.326
-16.323
-16.321
-16.318
-16.315
-16.311
-16.307
-16.303
-16.298
-16.293
-16.288
-16.282
-16.275
-16.268
-16.261
-16.253
-16.244
-16.236
-16.226
-16.216
-16.206
-16.195
-16.184
-16.172
-16.16
-16.147
-16.134
-16.121
-16.107
-16.093
-16.079
-16.064
-16.049
-16.033
-16.017
-16.001
-15.985
-15.968
-15.951
-15.934
-15.917
-15.899
-15.881
-15.863
-15.845
-15.827
-15.808
-15.789
-15.771
-15.752
-15.733
-15.714
-15.694
-15.675
-15.656
-15.637
-15.617
-15.598
-15.578
-15.559
-15.54
-15.52
-15.501
-15.482
-15.463
-15.444
-15.425
-15.406
-15.387
-15.368
-15.35
-15.332
-15.314
-15.296
-15.278
-15.261
-15.243
-15.226
-15.209
-15.193
-15.177
-15.161
-15.145
-15.129
-15.114
-15.099
-15.084
-15.069
-15.055
-15.041
-15.027
-15.013
-14.999
-14.986
-14.973
-14.96
-14.947
-14.935
-14.923
-14.911
-14.899
-14.887
-14.875
-14.864
-14.853
-14.842
-14.831
-14.821
-14.81
-14.8
-14.79
-14.78
-14.771
-14.761
-14.752
-14.742
-14.733
-14.724
-14.716
-14.707
-14.699
-14.69
-14.682
-14.674
-14.666
-14.658
-14.651
-14.643
-14.636
-14.629
-14.622
-14.615
-14.608
-14.601
-14.594
-14.588
-14.581
-14.575
-14.569
-14.563
-14.557
-14.551
-14.545
-14.539
-14.534
-14.528
-14.523
-14.517
-14.512
-14.507
-14.502
-14.497
-14.492
-14.487
-14.482
-14.477
-14.472
-14.467
-14.463
-14.458
-14.454
-14.449
-14.445
-14.44
-14.436
-14.432
-14.427
-14.423
-14.419
-14.415
-14.41
-14.406
-14.402
-14.398
-14.394
-14.39
-14.386
-14.382
-14.378
-14.374
-14.369
-14.365
-14.361
-14.357
-14.353
-14.349
-14.345
-14.341
-14.337
-14.333
-14.328
-14.324
-14.32
-14.316
-14.311
-14.307
-14.303
-14.298
-14.294
-14.289
-14.285
-14.28
-14.276
-14.271
-14.266
-14.261
-14.257
-14.252
-14.247
-14.242
-14.237
-14.232
-14.227
-14.222
-14.217
-14.211
-14.206
-14.201
-14.195
-14.19
-14.185
-14.179
-14.173
-14.168
-14.162
-14.157
-14.151
-14.145
-14.139
-14.133
-14.127
-14.121
-14.115
-14.109
-14.103
-14.097
-14.091
-14.085
-14.078
-14.072
-14.066
-14.059
-14.053
-14.046
-14.039
-14.033
-14.026
-14.019
-14.012
-14.006
-13.999
-13.992
-13.985
-13.978
-13.97
-13.963
-13.956
-13.949
-13.941
-13.934
-13.927
-13.919
-13.912
-13.904
-13.896
-13.889
-13.881
-13.873
-13.866
-13.858
-13.85
-13.842
-13.835
-13.827
-13.819
-13.811
-13.803
-13.795
-13.787
-13.78
-13.772
-13.764
-13.756
-13.748
-13.74
-13.733
-13.725
-13.717
-13.709
-13.702
-13.694
-13.686
-13.679
-13.671
-13.663
-13.656
-13.648
-13.641
-13.634
-13.626
-13.619
-13.612
-13.605
-13.598
-13.591
-13.584
-13.577
-13.57
-13.563
-13.556
-13.55
-13.543
-13.537
-13.531
-13.524
-13.518
-13.512
-13.506
-13.5
-13.494
-13.489
-13.483
-13.478
-13.472
-13.467
-13.462
-13.456
-13.451
-13.446
-13.441
-13.437
-13.432
-13.427
-13.422
-13.418
-13.413
-13.409
-13.404
-13.4
-13.396
-13.391
-13.387
-13.383
-13.379
-13.375
-13.371
-13.367
-13.363
-13.359
-13.355
-13.351
-13.347
-13.343
-13.339
-13.336
-13.332
-13.328
-13.324
-13.32
-13.317
-13.313
-13.309
-13.305
-13.302
-13.298
-13.294
-13.29
-13.287
-13.283
-13.279
-13.275
-13.271
-13.267
-13.264
-13.26
-13.256
-13.252
-13.248
-13.244
-13.24
-13.235
-13.231
-13.227
-13.223
-13.219
-13.214
-13.21
-13.206
-13.201
-13.197
-13.193
-13.188
-13.184
-13.179
-13.175
-13.17
-13.166
-13.161
-13.156
-13.152
-13.147
-13.142
-13.138
-13.133
-13.128
-13.123
-13.119
-13.114
-13.109
-13.104
-13.099
-13.094
-13.09
-13.085
-13.08
-13.075
-13.07
-13.065
-13.06
-13.055
-13.05
-13.045
-13.04
-13.035
-13.03
-13.025
-13.02
-13.015
-13.01
-13.005
-13
-12.995
-12.99
-12.985
-12.98
-12.975
-12.97
-12.965
-12.96
-12.955
-12.95
-12.945
-12.94
-12.935
-12.93
-12.925
-12.92
-12.915
-12.91
-12.905
-12.9
-12.895
-12.89
-12.885
-12.88
-12.876
-12.871
-12.866
-12.861
-12.856
-12.851
-12.847
-12.842
-12.837
-12.832
-12.828
-12.823
-12.818
-12.814
-12.809
-12.804
-12.8
-12.795
-12.791
-12.786
-12.782
-12.777
-12.773
-12.768
-12.764
-12.76
-12.755
-12.751
-12.747
-12.743
-12.739
-12.734
-12.73
-12.726
-12.722
-12.718
-12.714
-12.71
-12.706
-12.702
-12.699
-12.695
-12.691
-12.687
-12.684
-12.68
-12.676
-12.673
-12.669
-12.666
-12.663
-12.659
-12.656
-12.653
-12.649
-12.646
-12.643
-12.64
-12.637
-12.634
-12.631
-12.628
-12.625
-12.623
-12.62
-12.617
-12.615
-12.612
-12.61
-12.607
-12.605
-12.602
-12.6
-12.598
-12.596
-12.594
-12.592
-12.59
-12.588
-12.586
-12.584
-12.583
-12.581
-12.579
-12.578
-12.576
-12.575
-12.574
-12.573
-12.571
-12.57
-12.569
-12.568
-12.567
-12.567
-12.566
-12.565
-12.565
-12.564
-12.564
-12.563
-12.563
-12.563
