 0.000000    0.00000    0.000
 0.000000    0.00000    0.000
 0.000000    0.00000    0.000
 0.000000    0.00000    0.000
 0.000000    0.00000    0.000
 0.000000    0.00000    0.000
 0.000000    0.00000    0.000
 0.000000    0.00000    0.000
 0.000000    0.00000    0.000
 0.000000    0.00000    0.000
 0.000000    0.00000    0.000
 0.000000    0.00000    0.000
 0.000000    0.00000    0.000
 0.000000    0.00000    0.000
 0.000000    0.00000    0.000
 0.000000    0.00000    0.000
 0.000000    0.00000    0.000
 0.000000    0.00000    0.000
 0.000000    0.00000    0.000
 0.000000    0.00000    0.000
 0.000000    0.00000    0.000
 0.000000    0.00000    0.000
 0.000000    0.00000    0.000
 0.000000    0.00000    0.000
 0.000000    0.00000    0.000
 0.000000    0.00000    0.000
 0.000000    0.00000    0.000
 0.000000    0.00000    0.000
 0.000000    0.00000    0.000
 0.000000    0.00000    0.000
 0.000000    0.00000    0.000
 0.000000    0.00000    0.000
 0.000000    0.00000    0.000
 0.000000    0.00000    0.000
 0.000000    0.00000    0.000
 0.000000    0.00000    0.000
 0.000000    0.00000    0.000
 0.000000    0.00000    0.000
 0.000000    0.00000    0.000
 0.000000    0.00000    0.000
 0.000000    0.00000    0.000
 0.000000    0.00000    0.000
 0.000000    0.00000    0.000
 0.000000    0.00000    0.000
 0.000000    0.00000    0.000
 0.000000    0.00000    0.000
 0.000000    0.00000    0.000
 0.000000    0.00000    0.000
 0.000000    0.00000    0.000
 0.000000    0.00000    0.000
 0.000000    0.00000    0.000
 0.000000    0.00000    0.000
 0.000000    0.00000    0.000
 0.000000    0.00000    0.000
 0.000000    0.00000    0.000
 0.000000    0.00000    0.000
 0.000000    0.00000    0.000
 0.000000    0.00000    0.000
 0.000000    0.00000    0.000
 0.000000    0.00000    0.000
 0.000000    0.00000    0.000
 0.000000    0.00000    0.000
 0.000000    0.00000    0.000
 0.000000    0.00000    0.000
 0.000000    0.00000    0.000
 0.000000    0.00000    0.000
 0.000000    0.00000    0.000
 0.000000    0.00000    0.000
 0.000000    0.00000    0.000
 0.000000    0.00000    0.000
 0.000000    0.00000    0.000
 0.000000    0.00000    0.000
 0.000000    0.00000    0.000
 0.000000    0.00000    0.000
 0.000000    0.00000    0.000
 0.000000    0.00000    0.000
 0.000000    0.00000    0.000
 0.000000    0.00000    0.000
 0.000000    0.00000    0.000
 0.000000    0.00000    0.000
 0.000000    0.00000    0.000
 0.000000    0.00000    0.000
 0.000000    0.00000    0.000
 0.000000    0.00000    0.000
 0.000000    0.00000    0.000
 0.000000    0.00000    0.000
 0.000000    0.00000    0.000
 0.000000    0.00000    0.000
 0.000000    0.00000    0.000
 0.000000    0.00000    0.000
 0.000000    0.00000    0.000
 0.000000    0.00000    0.000
 0.000000    0.00000    0.000
 0.000000    0.00000    0.000
 0.000000    0.00000    0.000
 0.000000    0.00000    0.000
 0.000000    0.00000    0.000
 0.000000    0.00000    0.000
 0.000000    0.00000    0.000
 0.000000    0.00000    0.000
 0.000000    0.00000    0.000
 0.000000    0.00000    0.000
 0.000000    0.00000    0.000
 0.000000    0.00000    0.000
 0.000000    0.00000    0.000
 0.000000    0.00000    0.000
 0.000000    0.00000    0.000
 0.000000    0.00000    0.000
 0.000000    0.00000    0.000
 0.000000    0.00000    0.000
 0.000000    0.00000    0.000
 0.000000    0.00000    0.000
 0.000000    0.00000    0.000
 0.000000    0.00000    0.000
 0.000000    0.00000    0.000
 0.000000    0.00000    0.000
 0.000000    0.00000    0.000
 0.000000    0.00000    0.000
 0.000000    0.00000    0.000
 0.000000    0.00000    0.000
 0.000000    0.00000    0.000
 0.000000    0.00000    0.000
 0.000000    0.00000    0.000
 0.000000    0.00000    0.000
 0.000000    0.00000    0.000
 0.000000    0.00000    0.000
 0.000000    0.00000    0.000
 0.000000    0.00000    0.000
 0.000000    0.00000    0.000
 0.000000    0.00000    0.000
 0.000001    0.00005   -1.943
 0.000000    0.00000    0.000
 0.000197    0.00991   -2.630
 0.000318    0.01441   -2.335
 0.000297    0.01388   -2.425
 0.000343    0.01875   -2.920
 0.000445    0.02765   -3.382
 0.000396    0.01768   -2.300
 0.000174    0.00684   -1.992
 0.000264    0.01225   -2.414
 0.000363    0.01815   -2.619
 0.000379    0.01902   -2.629
 0.000420    0.02237   -2.809
 0.000399    0.01851   -2.402
 0.000270    0.01228   -2.358
 0.000305    0.01371   -2.328
 0.000377    0.01884   -2.609
 0.000385    0.01755   -2.359
 0.000307    0.01367   -2.292
 0.000316    0.01392   -2.270
 0.000307    0.01362   -2.285
 0.000337    0.01480   -2.260
 0.000340    0.01526   -2.315
 0.000323    0.01427   -2.279
 0.000317    0.01362   -2.205
 0.000295    0.01283   -2.244
 0.000327    0.01434   -2.256
 0.000328    0.01447   -2.271
 0.000359    0.01652   -2.378
 0.000358    0.01636   -2.357
 0.000330    0.01465   -2.288
 0.000338    0.01506   -2.304
 0.000252    0.01077   -2.199
 0.000291    0.01237   -2.190
 0.000269    0.01092   -2.067
 0.000262    0.01056   -2.054
 0.000274    0.01105   -2.054
 0.000257    0.01075   -2.151
 0.000208    0.00855   -2.113
 0.000240    0.00970   -2.059
 0.000332    0.01383   -2.129
 0.000327    0.01412   -2.217
 0.000334    0.01516   -2.338
 0.000346    0.01584   -2.362
 0.000360    0.01648   -2.367
 0.000354    0.01578   -2.298
 0.000318    0.01392   -2.250
 0.000337    0.01467   -2.234
 0.000328    0.01447   -2.265
 0.000355    0.01581   -2.292
 0.000354    0.01585   -2.304
 0.000330    0.01464   -2.283
 0.000341    0.01494   -2.257
 0.000344    0.01530   -2.290
 0.000362    0.01686   -2.411
 0.000376    0.01787   -2.469
 0.000374    0.01750   -2.422
 0.000362    0.01658   -2.365
 0.000330    0.01477   -2.312
 0.000344    0.01521   -2.272
 0.000359    0.01613   -2.314
 0.000342    0.01533   -2.313
 0.000345    0.01538   -2.294
 0.000345    0.01524   -2.275
 0.000332    0.01473   -2.282
 0.000353    0.01572   -2.296
 0.000336    0.01551   -2.400
 0.000313    0.01428   -2.381
 0.000296    0.01316   -2.302
 0.000309    0.01378   -2.319
 0.000265    0.01230   -2.437
 0.000268    0.01092   -2.083
 0.000292    0.01183   -2.065
 0.000326    0.01392   -2.185
 0.000362    0.01636   -2.334
 0.000359    0.01710   -2.475
 0.000379    0.01860   -2.556
 0.000387    0.01919   -2.593
 0.000388    0.01938   -2.611
 0.000388    0.01941   -2.619
 0.000387    0.01929   -2.606
 0.000385    0.01904   -2.582
 0.000377    0.01837   -2.542
 0.000369    0.01754   -2.476
 0.000369    0.01737   -2.440
 0.000371    0.01757   -2.454
 0.000372    0.01771   -2.474
 0.000371    0.01771   -2.480
 0.000369    0.01752   -2.468
 0.000363    0.01744   -2.507
 0.000342    0.01650   -2.540
 0.000338    0.01579   -2.443
 0.000336    0.01493   -2.287
 0.000340    0.01543   -2.343
 0.000352    0.01602   -2.351
 0.000344    0.01563   -2.353
 0.000316    0.01434   -2.354
 0.000332    0.01470   -2.280
 0.000323    0.01444   -2.304
 0.000337    0.01513   -2.313
 0.000342    0.01570   -2.381
 0.000306    0.01473   -2.544
 0.000323    0.01685   -2.800
 0.000262    0.01651   -3.583
 0.000169    0.00789   -2.485
 0.000223    0.00886   -2.023
 0.000249    0.00984   -2.012
 0.000279    0.01144   -2.093
 0.000308    0.01310   -2.178
 0.000300    0.01304   -2.227
 0.000300    0.01330   -2.278
 0.000317    0.01415   -2.297
 0.000327    0.01481   -2.336
 0.000315    0.01442   -2.363
 0.000341    0.01569   -2.382
 0.000348    0.01625   -2.420
 0.000348    0.01649   -2.457
 0.000350    0.01678   -2.492
 0.000353    0.01708   -2.518
 0.000355    0.01724   -2.531
 0.000356    0.01733   -2.536
 0.000355    0.01729   -2.533
 0.000354    0.01719   -2.526
 0.000352    0.01698   -2.510
 0.000346    0.01659   -2.500
 0.000336    0.01595   -2.475
 0.000310    0.01446   -2.424
 0.000320    0.01459   -2.362
 0.000327    0.01495   -2.365
 0.000315    0.01464   -2.401
 0.000330    0.01545   -2.430
 0.000340    0.01623   -2.477
 0.000345    0.01674   -2.523
 0.000349    0.01711   -2.554
 0.000350    0.01717   -2.558
 0.000346    0.01687   -2.539
 0.000336    0.01623   -2.514
 0.000315    0.01506   -2.485
 0.000319    0.01522   -2.494
 0.000312    0.01510   -2.550
 0.000280    0.01310   -2.455
 0.000300    0.01400   -2.447
 0.000268    0.01215   -2.351
 0.000292    0.01295   -2.282
 0.000273    0.01229   -2.317
 0.000293    0.01321   -2.321
 0.000287    0.01304   -2.340
 0.000279    0.01258   -2.323
 0.000291    0.01326   -2.365
 0.000263    0.01232   -2.458
 0.000273    0.01260   -2.424
 0.000251    0.01097   -2.252
 0.000274    0.01216   -2.283
 0.000262    0.01168   -2.294
 0.000280    0.01266   -2.331
 0.000270    0.01225   -2.345
 0.000296    0.01364   -2.383
 0.000283    0.01321   -2.418
 0.000297    0.01392   -2.430
 0.000308    0.01455   -2.449
 0.000299    0.01414   -2.452
 0.000286    0.01344   -2.435
 0.000300    0.01403   -2.427
 0.000291    0.01366   -2.429
 0.000277    0.01293   -2.414
 0.000296    0.01381   -2.421
 0.000286    0.01341   -2.427
 0.000273    0.01271   -2.408
 0.000291    0.01366   -2.436
 0.000263    0.01231   -2.435
 0.000271    0.01268   -2.433
 0.000249    0.01172   -2.455
 0.000256    0.01234   -2.554
 0.000221    0.01125   -2.761
 0.000239    0.01202   -2.731
 0.000198    0.00954   -2.596
 0.000193    0.00911   -2.507
 0.000221    0.01021   -2.440
 0.000187    0.00844   -2.378
 0.000176    0.00785   -2.335
 0.000187    0.00817   -2.265
 0.000208    0.00882   -2.173
 0.000170    0.00721   -2.165
 0.000174    0.00744   -2.186
 0.000205    0.00883   -2.202
 0.000189    0.00810   -2.197
 0.000174    0.00748   -2.208
 0.000190    0.00826   -2.228
 0.000211    0.00914   -2.218
 0.000174    0.00756   -2.222
 0.000189    0.00826   -2.243
 0.000218    0.00953   -2.241
 0.000178    0.00777   -2.237
 0.000195    0.00860   -2.270
 0.000224    0.00993   -2.276
 0.000189    0.00836   -2.281
 0.000227    0.01022   -2.319
 0.000210    0.00942   -2.307
 0.000212    0.00963   -2.339
 0.000233    0.01053   -2.331
 0.000206    0.00933   -2.339
 0.000241    0.01096   -2.348
 0.000198    0.00895   -2.326
 0.000236    0.01078   -2.363
 0.000193    0.00868   -2.312
 0.000192    0.00867   -2.323
 0.000224    0.01011   -2.326
 0.000173    0.00767   -2.275
 0.000195    0.00875   -2.310
 0.000213    0.00949   -2.298
 0.000173    0.00766   -2.282
 0.000212    0.00954   -2.324
 0.000191    0.00849   -2.292
 0.000175    0.00782   -2.295
 0.000220    0.00993   -2.333
 0.000173    0.00770   -2.283
 0.000174    0.00776   -2.299
 0.000217    0.00981   -2.339
 0.000162    0.00712   -2.266
 0.000166    0.00740   -2.286
 0.000212    0.00958   -2.338
 0.000159    0.00701   -2.262
 0.000160    0.00710   -2.278
 0.000208    0.00937   -2.320
 0.000165    0.00731   -2.278
 0.000161    0.00718   -2.295
 0.000209    0.00946   -2.332
 0.000164    0.00731   -2.289
 0.000162    0.00724   -2.305
 0.000210    0.00955   -2.342
 0.000160    0.00713   -2.291
 0.000161    0.00721   -2.309
 0.000210    0.00953   -2.349
 0.000155    0.00689   -2.289
 0.000156    0.00700   -2.306
 0.000206    0.00945   -2.376
 0.000152    0.00677   -2.294
 0.000145    0.00644   -2.294
 0.000192    0.00885   -2.396
 0.000166    0.00754   -2.352
 0.000128    0.00567   -2.292
 0.000151    0.00678   -2.320
 0.000191    0.00867   -2.351
 0.000134    0.00589   -2.256
 0.000128    0.00565   -2.267
 0.000163    0.00727   -2.300
 0.000179    0.00802   -2.312
 0.000122    0.00536   -2.267
 0.000133    0.00597   -2.318
 0.000177    0.00820   -2.414
 0.000151    0.00678   -2.332
 0.000110    0.00479   -2.237
 0.000127    0.00561   -2.272
 0.000176    0.00790   -2.315
 0.000155    0.00692   -2.291
 0.000120    0.00534   -2.291
 0.000151    0.00686   -2.335
 0.000190    0.00862   -2.336
 0.000132    0.00595   -2.317
 0.000153    0.00698   -2.355
 0.000197    0.00901   -2.361
 0.000135    0.00609   -2.326
 0.000153    0.00699   -2.363
 0.000198    0.00909   -2.377
 0.000132    0.00596   -2.322
 0.000146    0.00668   -2.359
 0.000196    0.00905   -2.392
 0.000131    0.00589   -2.320
 0.000128    0.00578   -2.331
 0.000181    0.00835   -2.390
 0.000151    0.00684   -2.335
 0.000109    0.00487   -2.294
 0.000136    0.00614   -2.336
 0.000182    0.00834   -2.363
 0.000125    0.00560   -2.301
 0.000106    0.00475   -2.298
 0.000142    0.00653   -2.386
 0.000174    0.00839   -2.536
 0.000112    0.00520   -2.433
 0.000089    0.00413   -2.420
 0.000108    0.00512   -2.479
 0.000139    0.00668   -2.531
 0.000142    0.00681   -2.537
 0.000094    0.00434   -2.407
 0.000071    0.00315   -2.285
 0.000081    0.00352   -2.235
 0.000102    0.00446   -2.244
 0.000135    0.00597   -2.273
 0.000123    0.00539   -2.263
 0.000087    0.00376   -2.221
 0.000067    0.00293   -2.230
 0.000082    0.00359   -2.252
 0.000104    0.00462   -2.276
 0.000139    0.00616   -2.281
 0.000115    0.00507   -2.263
 0.000082    0.00358   -2.244
 0.000073    0.00324   -2.262
 0.000102    0.00455   -2.303
 0.000149    0.00670   -2.319
 0.000128    0.00570   -2.293
 0.000087    0.00382   -2.260
 0.000084    0.00371   -2.279
 0.000116    0.00522   -2.321
 0.000155    0.00702   -2.338
 0.000114    0.00507   -2.294
 0.000079    0.00346   -2.249
 0.000080    0.00356   -2.281
 0.000115    0.00523   -2.338
 0.000157    0.00720   -2.365
 0.000111    0.00498   -2.305
 0.000080    0.00357   -2.287
 0.000102    0.00461   -2.335
 0.000160    0.00735   -2.374
 0.000134    0.00607   -2.343
 0.000089    0.00398   -2.311
 0.000107    0.00490   -2.356
 0.000167    0.00772   -2.397
 0.000131    0.00597   -2.351
 0.000090    0.00404   -2.323
 0.000114    0.00522   -2.369
 0.000170    0.00792   -2.413
 0.000120    0.00550   -2.358
 0.000081    0.00363   -2.308
 0.000099    0.00452   -2.355
 0.000141    0.00655   -2.412
 0.000139    0.00636   -2.378
 0.000087    0.00388   -2.307
 0.000064    0.00282   -2.287
 0.000079    0.00353   -2.309
 0.000107    0.00488   -2.346
 0.000139    0.00655   -2.450
 0.000099    0.00459   -2.414
 0.000069    0.00310   -2.349
 0.000053    0.00245   -2.379
 0.000057    0.00280   -2.604
 0.000074    0.00394   -2.918
 0.000085    0.00503   -3.415
 0.000089    0.00571   -3.844
 0.000090    0.00699   -4.879
 0.000082    0.00841   -6.880
 0.000052    0.00652   -8.727
 0.000020    0.00266   -9.247
 0.000007    0.00096   -8.826
 0.000007    0.00092   -8.490
 0.000023    0.00320   -9.355
 0.000044    0.00629  -10.182
 0.000043    0.00673  -11.753
 0.000007    0.00102  -11.701
 0.000000    0.00000  -10.708
 0.000000    0.00000    0.000
 0.000000    0.00000    0.000
 0.000000    0.00000    0.000
 0.000000    0.00000    0.000
 0.000000    0.00000    0.000
 0.000000    0.00000    0.000
 0.000000    0.00000    0.000
 0.000000    0.00000    0.000
 0.000000    0.00000    0.000
 0.000000    0.00000    0.000
 0.000000    0.00000    0.000
 0.000000    0.00000    0.000
 0.000000    0.00000    0.000
 0.000002    0.00007   -2.085
 0.000014    0.00058   -2.102
 0.000015    0.00064   -2.139
 0.000019    0.00083   -2.181
 0.000038    0.00166   -2.210
 0.000071    0.00304   -2.196
 0.000106    0.00450   -2.178
 0.000108    0.00459   -2.168
 0.000083    0.00352   -2.177
 0.000066    0.00283   -2.197
 0.000054    0.00234   -2.224
 0.000063    0.00278   -2.250
 0.000081    0.00357   -2.261
 0.000100    0.00439   -2.252
 0.000115    0.00502   -2.232
 0.000087    0.00378   -2.231
 0.000064    0.00278   -2.242
 0.000049    0.00215   -2.260
 0.000042    0.00189   -2.288
 0.000060    0.00267   -2.306
 0.000080    0.00359   -2.314
 0.000105    0.00467   -2.288
 0.000103    0.00454   -2.276
 0.000071    0.00317   -2.283
 0.000053    0.00236   -2.296
 0.000048    0.00217   -2.317
 0.000074    0.00336   -2.347
 0.000109    0.00494   -2.330
 0.000124    0.00558   -2.312
 0.000083    0.00372   -2.300
 0.000059    0.00265   -2.298
 0.000060    0.00268   -2.321
 0.000093    0.00424   -2.357
 0.000132    0.00599   -2.342
 0.000110    0.00495   -2.322
 0.000073    0.00325   -2.299
 0.000053    0.00235   -2.292
 0.000071    0.00321   -2.336
 0.000104    0.00477   -2.362
 0.000130    0.00593   -2.347
 0.000094    0.00423   -2.320
 0.000064    0.00283   -2.288
 0.000048    0.00211   -2.284
 0.000062    0.00280   -2.316
 0.000089    0.00408   -2.352
 0.000113    0.00515   -2.344
 0.000106    0.00479   -2.329
 0.000069    0.00307   -2.288
 0.000050    0.00222   -2.265
 0.000039    0.00173   -2.256
 0.000045    0.00201   -2.276
 0.000063    0.00283   -2.306
 0.000078    0.00353   -2.323
 0.000087    0.00393   -2.318
 0.000095    0.00427   -2.321
 0.000068    0.00303   -2.291
 0.000049    0.00213   -2.255
 0.000038    0.00163   -2.226
 0.000031    0.00133   -2.214
 0.000026    0.00113   -2.217
 0.000039    0.00171   -2.243
 0.000052    0.00231   -2.269
 0.000065    0.00287   -2.292
 0.000076    0.00337   -2.293
 0.000087    0.00389   -2.305
 0.000079    0.00353   -2.303
 0.000054    0.00239   -2.258
 0.000041    0.00178   -2.217
 0.000033    0.00144   -2.198
 0.000029    0.00124   -2.211
 0.000039    0.00171   -2.241
 0.000055    0.00241   -2.265
 0.000068    0.00302   -2.290
 0.000078    0.00348   -2.294
 0.000084    0.00376   -2.305
 0.000082    0.00366   -2.315
 0.000055    0.00241   -2.268
 0.000041    0.00175   -2.223
 0.000033    0.00140   -2.192
 0.000028    0.00120   -2.183
 0.000025    0.00106   -2.195
 0.000034    0.00146   -2.217
 0.000046    0.00200   -2.236
 0.000056    0.00248   -2.267
 0.000064    0.00286   -2.287
 0.000070    0.00310   -2.288
 0.000078    0.00348   -2.304
 0.000072    0.00322   -2.309
 0.000049    0.00215   -2.260
 0.000037    0.00159   -2.214
 0.000030    0.00129   -2.191
 0.000026    0.00110   -2.178
 0.000023    0.00096   -2.174
 0.000020    0.00085   -2.181
 0.000030    0.00130   -2.200
 0.000035    0.00153   -2.212
 0.000039    0.00168   -2.229
 0.000040    0.00174   -2.243
 0.000039    0.00173   -2.255
 0.000038    0.00166   -2.263
 0.000035    0.00155   -2.266
 0.000032    0.00143   -2.265
 0.000030    0.00132   -2.261
 0.000028    0.00123   -2.251
 0.000026    0.00115   -2.240
 0.000025    0.00107   -2.231
 0.000023    0.00101   -2.223
 0.000037    0.00162   -2.258
 0.000039    0.00173   -2.274
 0.000027    0.00117   -2.262
 0.000019    0.00084   -2.246
 0.000015    0.00065   -2.232
 0.000012    0.00054   -2.222
 0.000011    0.00046   -2.218
 0.000009    0.00040   -2.214
 0.000008    0.00034   -2.210
 0.000007    0.00030   -2.205
 0.000006    0.00026   -2.200
 0.000005    0.00023   -2.194
 0.000005    0.00020   -2.188
 0.000004    0.00018   -2.187
 0.000007    0.00056   -5.309
 0.000021    0.00280   -9.064
 0.000017    0.00241   -9.607
 0.000019    0.00266   -9.959
 0.000004    0.00056   -9.691
 0.000001    0.00017   -9.564
 0.000000    0.00000    0.000
 0.000000    0.00000    0.000
 0.000000    0.00000    0.000
 0.000000    0.00000    0.000
 0.000000    0.00001   -7.537
 0.000005    0.00056   -7.443
 0.000009    0.00099   -7.230
 0.000033    0.00380   -7.154
 0.000025    0.00285   -6.982
 0.000040    0.00451   -6.976
 0.000016    0.00180   -6.797
 0.000007    0.00076   -6.585
 0.000001    0.00015   -6.375
 0.000001    0.00015   -6.131
 0.000001    0.00008   -6.003
 0.000000    0.00000   -5.776
 0.000000    0.00000   -5.692
 0.000000    0.00000    0.000
 0.000000    0.00000    0.000
 0.000000    0.00001   -5.151
 0.000003    0.00024   -5.079
 0.000004    0.00034   -4.996
 0.000010    0.00085   -4.907
 0.000014    0.00121   -4.824
 0.000018    0.00151   -4.744
 0.000022    0.00185   -4.666
 0.000032    0.00257   -4.597
 0.000039    0.00317   -4.532
 0.000045    0.00358   -4.468
 0.000099    0.00772   -4.366
 0.000062    0.00480   -4.304
 0.000035    0.00266   -4.224
 0.000034    0.00252   -4.115
 0.000121    0.00892   -4.090
 0.000061    0.00448   -4.058
 0.000132    0.00956   -4.010
 0.000055    0.00392   -3.933
 0.000007    0.00050   -3.834
 0.000000    0.00000   -3.760
 0.000000    0.00000    0.000
 0.000000    0.00000    0.000
 0.000000    0.00000    0.000
 0.000000    0.00000    0.000
 0.000000    0.00000    0.000
 0.000000    0.00000    0.000
 0.000000    0.00000    0.000
 0.000000    0.00000    0.000
 0.000000    0.00000    0.000
 0.000000    0.00000    0.000
 0.000000    0.00000    0.000
 0.000000    0.00000    0.000
 0.000000    0.00000    0.000
 0.000000    0.00000    0.000
 0.000000    0.00000    0.000
 0.000000    0.00000    0.000
 0.000000    0.00000    0.000
 0.000000    0.00000    0.000
 0.000000    0.00000    0.000
 0.000002    0.00012   -2.823
 0.000012    0.00066   -2.887
 0.000002    0.00009   -2.651
 0.000129    0.00569   -2.267
 0.000053    0.00261   -2.554
 0.000063    0.00314   -2.609
 0.000105    0.00544   -2.728
 0.000128    0.00642   -2.627
 0.000000    0.00001   -2.317
 0.000000    0.00000    0.000
 0.000000    0.00000    0.000
 0.000018    0.00077   -2.197
 0.000036    0.00156   -2.185
 0.000003    0.00011   -2.168
 0.000008    0.00031   -2.132
 0.000001    0.00003   -2.118
 0.000022    0.00091   -2.080
 0.000028    0.00111   -2.040
 0.000060    0.00239   -2.021
 0.000029    0.00116   -1.993
 0.000017    0.00065   -1.969
 0.000002    0.00006   -1.951
 0.000000    0.00001   -1.921
 0.000000    0.00001   -1.890
 0.000004    0.00016   -1.871
 0.000004    0.00015   -1.849
 0.000006    0.00020   -1.831
 0.000001    0.00003   -1.803
 0.000000    0.00000    0.000
 0.000000    0.00000    0.000
 0.000000    0.00000    0.000
 0.000000    0.00000    0.000
 0.000000    0.00000    0.000
 0.000000    0.00000    0.000
 0.000000    0.00000    0.000
 0.000000    0.00000    0.000
 0.000000    0.00000    0.000
 0.000000    0.00000    0.000
 0.000000    0.00000    0.000
 0.000000    0.00000    0.000
 0.000000    0.00000    0.000
 0.000000    0.00000    0.000
 0.000000    0.00000    0.000
 0.000000    0.00000    0.000
 0.000000    0.00000    0.000
 0.000051    0.00112   -1.064
 0.000044    0.00102   -1.123
 0.000047    0.00111   -1.166
 0.000050    0.00121   -1.189
 0.000035    0.00087   -1.198
 0.000036    0.00087   -1.203
 0.000031    0.00076   -1.192
 0.000049    0.00119   -1.194
 0.000041    0.00100   -1.188
 0.000057    0.00136   -1.179
 0.000077    0.00183   -1.163
 0.000061    0.00143   -1.151
 0.000041    0.00094   -1.126
 0.000038    0.00085   -1.104
 0.000036    0.00080   -1.073
 0.000021    0.00046   -1.057
 0.000023    0.00048   -1.027
 0.000023    0.00047   -1.009
 0.000015    0.00031   -0.980
 0.000026    0.00052   -0.963
 0.000022    0.00043   -0.936
 0.000026    0.00050   -0.922
 0.000004    0.00007   -0.895
 0.000028    0.00050   -0.880
 0.000020    0.00035   -0.850
 0.000023    0.00040   -0.832
 0.000025    0.00041   -0.801
 0.000024    0.00040   -0.784
 0.000018    0.00029   -0.753
 0.000026    0.00040   -0.732
 0.000023    0.00034   -0.702
 0.000017    0.00024   -0.685
 0.000007    0.00009   -0.655
 0.000019    0.00025   -0.637
 0.000052    0.00066   -0.606
 0.000047    0.00057   -0.591
 0.000037    0.00044   -0.566
 0.000020    0.00023   -0.555
 0.000005    0.00006   -0.531
 0.000046    0.00051   -0.523
 0.000032    0.00033   -0.502
 0.000043    0.00044   -0.490
 0.000020    0.00020   -0.477
 0.000037    0.00036   -0.463
 0.000022    0.00021   -0.449
 0.000014    0.00013   -0.441
 0.000018    0.00016   -0.427
 0.000024    0.00021   -0.418
 0.000008    0.00007   -0.409
 0.000024    0.00020   -0.401
 0.000008    0.00006   -0.391
 0.000016    0.00013   -0.385
 0.000013    0.00010   -0.375
 0.000006    0.00005   -0.371
 0.000000    0.00000    0.000
 0.000000    0.00000    0.000
 0.000000    0.00000    0.000
 0.000001    0.00001   -0.340
 0.000001    0.00001   -0.331
 0.000006    0.00004   -0.329
 0.000012    0.00008   -0.317
 0.000020    0.00013   -0.312
 0.000030    0.00020   -0.305
 0.000020    0.00012   -0.300
 0.000002    0.00001   -0.292
 0.000016    0.00010   -0.289
 0.000017    0.00010   -0.282
 0.000007    0.00004   -0.278
 0.000000    0.00000    0.000
 0.000007    0.00004   -0.267
 0.000009    0.00005   -0.262
 0.000011    0.00006   -0.258
 0.000005    0.00003   -0.252
 0.000007    0.00004   -0.249
 0.000000    0.00000    0.000
 0.000000    0.00000   -0.238
 0.000009    0.00004   -0.236
 0.000007    0.00003   -0.233
 0.000002    0.00001   -0.228
 0.000003    0.00001   -0.226
 0.000000    0.00000    0.000
 0.000000    0.00000    0.000
 0.000000    0.00000    0.000
 0.000000    0.00000    0.000
 0.000000    0.00000    0.000
 0.000000    0.00000    0.000
 0.000000    0.00000    0.000
 0.000000    0.00000    0.000
 0.000000    0.00000    0.000
 0.000000    0.00000    0.000
 0.000000    0.00000    0.000
 0.000000    0.00000    0.000
 0.000000    0.00000    0.000
 0.000000    0.00000    0.000
 0.000000    0.00000    0.000
 0.000000    0.00000    0.000
 0.000000    0.00000    0.000
 0.000000    0.00000    0.000
 0.000000    0.00000    0.000
 0.000000    0.00000    0.000
 0.000000    0.00000    0.000
 0.000000    0.00000    0.000
 0.000000    0.00000    0.000
 0.000000    0.00000    0.000
 0.000000    0.00000    0.000
 0.000000    0.00000    0.000
 0.000000    0.00000    0.000
 0.000000    0.00000    0.000
 0.000000    0.00000    0.000
 0.000000    0.00000    0.000
 0.000000    0.00000    0.000
 0.000000    0.00000    0.000
 0.000000    0.00000    0.000
 0.000000    0.00000    0.000
 0.000000    0.00000    0.000
 0.000000    0.00000    0.000
 0.000000    0.00000    0.000
 0.000000    0.00000    0.000
 0.000000    0.00000    0.000
 0.000000    0.00000    0.000
 0.000000    0.00000    0.000
 0.000000    0.00000    0.000
 0.000000    0.00000    0.000
 0.000000    0.00000    0.000
 0.000000    0.00000    0.000
 0.000000    0.00000    0.000
 0.000000    0.00000    0.000
 0.000000    0.00000    0.000
 0.000000    0.00000    0.000
 0.000000    0.00000    0.000
 0.000000    0.00000    0.000
 0.000000    0.00000    0.000
 0.000000    0.00000    0.000
 0.000000    0.00000    0.000
 0.000000    0.00000    0.000
 0.000000    0.00000    0.000
 0.000000    0.00000    0.000
 0.000000    0.00000    0.000
 0.000000    0.00000    0.000
 0.000000    0.00000    0.000
 0.000000    0.00000    0.000
 0.000000    0.00000    0.000
 0.000000    0.00000    0.000
 0.000000    0.00000    0.000
 0.000000    0.00000    0.000
 0.000000    0.00000    0.000
 0.000000    0.00000    0.000
 0.000000    0.00000    0.000
 0.000000    0.00000    0.000
 0.000000    0.00000    0.000
 0.000000    0.00000    0.000
 0.000000    0.00000    0.000
 0.000000    0.00000    0.000
 0.000000    0.00000    0.000
 0.000000    0.00000    0.000
 0.000000    0.00000    0.000
 0.000001    0.00005   -2.008
 0.000257    0.01179   -2.367
 0.000442    0.02194   -2.586
 0.000389    0.01821   -2.425
 0.000341    0.01541   -2.332
 0.000609    0.02358   -1.966
 0.000224    0.00749   -1.677
 0.000328    0.01023   -1.554
 0.000154    0.00461   -1.489
 0.000031    0.00091   -1.438
 0.000102    0.00291   -1.410
 0.000000    0.00001   -1.400
 0.000026    0.00086   -1.651
 0.000052    0.00183   -1.750
 0.000017    0.00058   -1.773
 0.000000    0.00000    0.000
 0.000011    0.00041   -1.841
 0.000019    0.00071   -1.855
 0.000001    0.00004   -1.814
 0.000000    0.00000    0.000
 0.000000    0.00000    0.000
 0.000000    0.00000    0.000
 0.000000    0.00000    0.000
 0.000000    0.00000    0.000
 0.000000    0.00000    0.000
 0.000000    0.00000    0.000
 0.000000    0.00000    0.000
 0.000000    0.00000    0.000
 0.000000    0.00000    0.000
 0.000001    0.00005   -1.948
 0.000028    0.00111   -1.993
 0.000002    0.00007   -1.898
 0.000000    0.00000    0.000
 0.000000    0.00000    0.000
 0.000000    0.00000    0.000
 0.000000    0.00001   -1.946
 0.000089    0.00387   -2.243
 0.000231    0.01051   -2.356
 0.000283    0.01456   -2.702
 0.000368    0.01936   -2.775
 0.000405    0.02055   -2.665
 0.000398    0.01962   -2.575
 0.000376    0.01804   -2.499
 0.000357    0.01671   -2.430
 0.000358    0.01632   -2.363
 0.000358    0.01617   -2.335
 0.000350    0.01593   -2.346
 0.000362    0.01672   -2.392
 0.000373    0.01765   -2.454
 0.000378    0.01807   -2.487
 0.000378    0.01798   -2.474
 0.000374    0.01769   -2.454
 0.000373    0.01756   -2.444
 0.000372    0.01755   -2.447
 0.000371    0.01758   -2.457
 0.000373    0.01778   -2.477
 0.000376    0.01807   -2.498
 0.000379    0.01832   -2.515
 0.000377    0.01816   -2.505
 0.000369    0.01812   -2.578
 0.000344    0.01697   -2.606
 0.000285    0.01339   -2.457
 0.000293    0.01309   -2.314
 0.000245    0.01055   -2.217
 0.000230    0.00991   -2.227
 0.000255    0.01084   -2.187
 0.000224    0.00952   -2.192
 0.000202    0.00843   -2.151
 0.000208    0.00820   -2.007
 0.000243    0.00951   -1.988
 0.000291    0.01150   -2.006
 0.000264    0.01052   -2.030
 0.000246    0.00992   -2.051
 0.000250    0.01015   -2.070
 0.000283    0.01159   -2.084
 0.000268    0.01102   -2.101
 0.000264    0.01104   -2.133
 0.000296    0.01247   -2.159
 0.000281    0.01189   -2.168
 0.000282    0.01202   -2.181
 0.000300    0.01269   -2.166
 0.000274    0.01157   -2.161
 0.000299    0.01256   -2.148
 0.000265    0.01103   -2.123
 0.000263    0.01089   -2.113
 0.000277    0.01140   -2.097
 0.000244    0.00998   -2.085
 0.000244    0.00997   -2.088
 0.000272    0.01113   -2.087
 0.000242    0.00987   -2.082
 0.000241    0.00988   -2.096
 0.000270    0.01119   -2.119
 0.000265    0.01100   -2.120
 0.000252    0.01050   -2.134
 0.000278    0.01173   -2.155
 0.000267    0.01124   -2.150
 0.000255    0.01076   -2.157
 0.000284    0.01201   -2.165
 0.000256    0.01075   -2.152
 0.000264    0.01121   -2.173
 0.000285    0.01214   -2.178
 0.000263    0.01128   -2.194
 0.000295    0.01277   -2.217
 0.000274    0.01188   -2.223
 0.000297    0.01300   -2.247
 0.000281    0.01227   -2.244
 0.000298    0.01310   -2.259
 0.000280    0.01224   -2.245
 0.000296    0.01300   -2.259
 0.000277    0.01208   -2.240
 0.000290    0.01271   -2.256
 0.000273    0.01189   -2.240
 0.000269    0.01189   -2.278
 0.000265    0.01161   -2.259
 0.000233    0.00999   -2.204
 0.000258    0.01096   -2.180
 0.000249    0.01046   -2.151
 0.000241    0.01025   -2.174
 0.000269    0.01153   -2.193
 0.000247    0.01060   -2.196
 0.000253    0.01096   -2.218
 0.000267    0.01150   -2.211
 0.000244    0.01054   -2.218
 0.000270    0.01171   -2.224
 0.000242    0.01043   -2.207
 0.000256    0.01113   -2.232
 0.000252    0.01088   -2.211
 0.000237    0.01023   -2.213
 0.000268    0.01167   -2.235
 0.000245    0.01067   -2.233
 0.000265    0.01167   -2.260
 0.000256    0.01121   -2.252
 0.000257    0.01137   -2.276
 0.000266    0.01170   -2.264
 0.000250    0.01109   -2.278
 0.000271    0.01199   -2.274
 0.000246    0.01087   -2.274
 0.000272    0.01206   -2.285
 0.000242    0.01069   -2.270
 0.000270    0.01204   -2.296
 0.000243    0.01076   -2.274
 0.000269    0.01202   -2.302
 0.000247    0.01100   -2.290
 0.000268    0.01204   -2.313
 0.000248    0.01107   -2.297
 0.000267    0.01204   -2.330
 0.000242    0.01077   -2.296
 0.000253    0.01145   -2.335
 0.000242    0.01073   -2.288
 0.000232    0.01029   -2.285
 0.000254    0.01129   -2.292
 0.000223    0.00984   -2.262
 0.000255    0.01145   -2.315
 0.000221    0.00975   -2.278
 0.000233    0.01057   -2.346
 0.000233    0.01046   -2.328
 0.000207    0.00907   -2.259
 0.000242    0.01063   -2.265
 0.000212    0.00924   -2.239
 0.000216    0.00952   -2.269
 0.000241    0.01064   -2.275
 0.000212    0.00936   -2.276
 0.000245    0.01094   -2.301
 0.000217    0.00962   -2.284
 0.000229    0.01026   -2.311
 0.000234    0.01041   -2.292
 0.000213    0.00950   -2.297
 0.000244    0.01110   -2.348
 0.000198    0.00930   -2.462
 0.000201    0.00959   -2.518
 0.000213    0.00962   -2.355
 0.000174    0.00745   -2.189
 0.000189    0.00816   -2.216
 0.000220    0.00954   -2.222
 0.000176    0.00763   -2.221
 0.000181    0.00813   -2.326
 0.000213    0.00959   -2.342
 0.000171    0.00734   -2.201
 0.000170    0.00736   -2.225
 0.000207    0.00913   -2.266
 0.000194    0.00854   -2.256
 0.000181    0.00801   -2.276
 0.000224    0.01000   -2.301
 0.000192    0.00852   -2.283
 0.000195    0.00872   -2.303
 0.000225    0.01005   -2.301
 0.000176    0.00777   -2.271
 0.000196    0.00879   -2.308
 0.000210    0.00932   -2.289
 0.000165    0.00724   -2.250
 0.000194    0.00867   -2.302
 0.000209    0.00929   -2.292
 0.000171    0.00758   -2.282
 0.000213    0.00960   -2.326
 0.000194    0.00867   -2.303
 0.000184    0.00828   -2.323
 0.000227    0.01029   -2.339
 0.000179    0.00808   -2.319
 0.000213    0.00973   -2.356
 0.000199    0.00900   -2.327
 0.000184    0.00831   -2.335
 0.000227    0.01036   -2.364
 0.000172    0.00770   -2.310
 0.000199    0.00908   -2.359
 0.000205    0.00926   -2.335
 0.000170    0.00762   -2.316
 0.000219    0.01002   -2.369
 0.000173    0.00775   -2.312
 0.000172    0.00780   -2.335
 0.000217    0.01006   -2.411
 0.000154    0.00689   -2.318
 0.000161    0.00731   -2.354
 0.000205    0.00955   -2.431
 0.000149    0.00667   -2.311
 0.000140    0.00617   -2.265
 0.000177    0.00792   -2.308
 0.000180    0.00798   -2.284
 0.000134    0.00591   -2.262
 0.000154    0.00686   -2.294
 0.000197    0.00883   -2.304
 0.000143    0.00634   -2.280
 0.000148    0.00661   -2.306
 0.000199    0.00899   -2.335
 0.000155    0.00691   -2.299
 0.000146    0.00659   -2.316
 0.000200    0.00910   -2.356
 0.000161    0.00723   -2.315
 0.000149    0.00673   -2.330
 0.000205    0.00939   -2.370
 0.000158    0.00712   -2.328
 0.000157    0.00716   -2.353
 0.000210    0.00968   -2.385
 0.000151    0.00684   -2.338
 0.000169    0.00781   -2.380
 0.000204    0.00942   -2.384
 0.000148    0.00677   -2.359
 0.000200    0.00933   -2.409
 0.000173    0.00793   -2.372
 0.000160    0.00738   -2.389
 0.000213    0.00994   -2.416
 0.000151    0.00692   -2.370
 0.000189    0.00885   -2.422
 0.000185    0.00857   -2.394
 0.000152    0.00705   -2.391
 0.000212    0.00995   -2.432
 0.000150    0.00688   -2.370
 0.000170    0.00792   -2.416
 0.000198    0.00924   -2.415
 0.000138    0.00630   -2.362
 0.000188    0.00881   -2.426
 0.000172    0.00793   -2.384
 0.000136    0.00623   -2.366
 0.000197    0.00920   -2.425
 0.000154    0.00706   -2.365
 0.000136    0.00623   -2.369
 0.000198    0.00933   -2.453
 0.000144    0.00660   -2.364
 0.000128    0.00584   -2.353
 0.000189    0.00898   -2.473
 0.000149    0.00682   -2.381
 0.000117    0.00528   -2.330
 0.000163    0.00758   -2.404
 0.000172    0.00797   -2.415
 0.000113    0.00508   -2.319
 0.000136    0.00627   -2.379
 0.000187    0.00898   -2.524
 0.000122    0.00568   -2.421
 0.000106    0.00491   -2.408
 0.000145    0.00695   -2.508
 0.000167    0.00793   -2.508
 0.000106    0.00474   -2.298
 0.000099    0.00442   -2.300
 0.000136    0.00616   -2.329
 0.000166    0.00751   -2.328
 0.000109    0.00488   -2.295
 0.000097    0.00435   -2.316
 0.000136    0.00622   -2.352
 0.000166    0.00759   -2.356
 0.000106    0.00474   -2.296
 0.000095    0.00426   -2.311
 0.000135    0.00615   -2.360
 0.000165    0.00763   -2.394
 0.000105    0.00469   -2.290
 0.000088    0.00392   -2.297
 0.000121    0.00550   -2.342
 0.000167    0.00787   -2.454
 0.000113    0.00504   -2.303
 0.000083    0.00370   -2.285
 0.000104    0.00470   -2.324
 0.000157    0.00727   -2.395
 0.000133    0.00613   -2.401
 0.000087    0.00393   -2.334
 0.000087    0.00398   -2.394
 0.000122    0.00581   -2.508
 0.000155    0.00759   -2.598
 0.000103    0.00466   -2.372
 0.000074    0.00327   -2.273
 0.000083    0.00374   -2.337
 0.000116    0.00554   -2.519
 0.000149    0.00743   -2.702
 0.000102    0.00493   -2.599
 0.000072    0.00340   -2.498
 0.000063    0.00295   -2.483
 0.000084    0.00404   -2.583
 0.000109    0.00534   -2.658
 0.000132    0.00667   -2.786
 0.000092    0.00450   -2.652
 0.000067    0.00313   -2.519
 0.000052    0.00240   -2.433
 0.000058    0.00265   -2.388
 0.000077    0.00349   -2.359
 0.000097    0.00431   -2.290
 0.000120    0.00528   -2.272
 0.000091    0.00398   -2.241
 0.000066    0.00285   -2.226
 0.000051    0.00222   -2.229
 0.000051    0.00223   -2.252
 0.000072    0.00318   -2.282
 0.000095    0.00425   -2.303
 0.000121    0.00543   -2.311
 0.000097    0.00430   -2.287
 0.000067    0.00292   -2.239
 0.000052    0.00225   -2.233
 0.000058    0.00254   -2.267
 0.000084    0.00378   -2.311
 0.000115    0.00519   -2.330
 0.000125    0.00568   -2.337
 0.000081    0.00359   -2.272
 0.000060    0.00262   -2.245
 0.000060    0.00269   -2.283
 0.000092    0.00415   -2.334
 0.000135    0.00620   -2.368
 0.000120    0.00545   -2.349
 0.000078    0.00347   -2.281
 0.000064    0.00288   -2.302
 0.000094    0.00431   -2.357
 0.000150    0.00692   -2.395
 0.000121    0.00552   -2.360
 0.000079    0.00353   -2.310
 0.000081    0.00371   -2.355
 0.000134    0.00623   -2.398
 0.000149    0.00688   -2.399
 0.000090    0.00407   -2.331
 0.000080    0.00368   -2.362
 0.000130    0.00606   -2.411
 0.000154    0.00721   -2.425
 0.000093    0.00421   -2.338
 0.000077    0.00352   -2.358
 0.000122    0.00568   -2.413
 0.000158    0.00744   -2.440
 0.000097    0.00443   -2.350
 0.000075    0.00340   -2.352
 0.000112    0.00521   -2.402
 0.000161    0.00760   -2.441
 0.000104    0.00474   -2.362
 0.000075    0.00340   -2.352
 0.000107    0.00496   -2.401
 0.000162    0.00764   -2.445
 0.000108    0.00497   -2.371
 0.000074    0.00339   -2.350
 0.000102    0.00473   -2.399
 0.000161    0.00761   -2.446
 0.000113    0.00519   -2.382
 0.000074    0.00334   -2.343
 0.000095    0.00438   -2.392
 0.000156    0.00735   -2.444
 0.000121    0.00561   -2.398
 0.000076    0.00346   -2.333
 0.000080    0.00370   -2.372
 0.000133    0.00625   -2.429
 0.000142    0.00666   -2.426
 0.000085    0.00385   -2.334
 0.000067    0.00306   -2.342
 0.000101    0.00468   -2.390
 0.000152    0.00714   -2.436
 0.000108    0.00495   -2.379
 0.000070    0.00316   -2.319
 0.000065    0.00294   -2.339
 0.000100    0.00468   -2.426
 0.000138    0.00670   -2.532
 0.000105    0.00496   -2.480
 0.000068    0.00310   -2.360
 0.000051    0.00226   -2.296
 0.000058    0.00262   -2.313
 0.000088    0.00402   -2.375
 0.000120    0.00560   -2.439
 0.000110    0.00519   -2.463
 0.000070    0.00318   -2.335
 0.000052    0.00229   -2.259
 0.000045    0.00199   -2.279
 0.000066    0.00294   -2.310
 0.000094    0.00425   -2.321
 0.000123    0.00566   -2.378
 0.000093    0.00423   -2.346
 0.000063    0.00277   -2.256
 0.000048    0.00212   -2.261
 0.000051    0.00229   -2.296
 0.000079    0.00356   -2.332
 0.000110    0.00500   -2.342
 0.000121    0.00565   -2.430
 0.000076    0.00348   -2.382
 0.000054    0.00247   -2.361
 0.000043    0.00195   -2.374
 0.000052    0.00244   -2.444
 0.000071    0.00338   -2.506
 0.000087    0.00416   -2.519
 0.000097    0.00465   -2.521
 0.000090    0.00430   -2.522
 0.000059    0.00264   -2.321
 0.000045    0.00195   -2.218
 0.000037    0.00160   -2.212
 0.000033    0.00158   -2.634
 0.000050    0.00317   -3.847
 0.000059    0.00427   -4.530
 0.000058    0.00435   -4.732
 0.000053    0.00390   -4.660
 0.000049    0.00353   -4.521
 0.000047    0.00338   -4.506
 0.000044    0.00328   -4.713
 0.000040    0.00329   -5.252
 0.000034    0.00311   -6.021
 0.000024    0.00232   -6.507
 0.000016    0.00149   -6.200
 0.000011    0.00086   -5.131
 0.000023    0.00128   -3.285
 0.000018    0.00083   -2.393
 0.000015    0.00062   -2.065
 0.000014    0.00056   -2.068
 0.000012    0.00050   -2.073
 0.000011    0.00046   -2.078
 0.000011    0.00044   -2.127
 0.000010    0.00050   -2.643
 0.000010    0.00056   -3.147
 0.000010    0.00055   -3.394
 0.000009    0.00047   -3.196
 0.000007    0.00036   -2.703
 0.000007    0.00028   -2.184
 0.000006    0.00026   -2.123
 0.000006    0.00026   -2.129
 0.000006    0.00025   -2.136
 0.000006    0.00025   -2.143
 0.000006    0.00024   -2.150
 0.000006    0.00027   -2.155
 0.000015    0.00062   -2.149
 0.000017    0.00069   -2.149
 0.000018    0.00074   -2.156
 0.000020    0.00095   -2.572
 0.000023    0.00145   -3.664
 0.000026    0.00212   -5.202
 0.000024    0.00244   -6.783
 0.000019    0.00238   -8.515
 0.000017    0.00230   -8.910
 0.000017    0.00220   -8.962
 0.000015    0.00195   -9.080
 0.000011    0.00146   -9.219
 0.000006    0.00084   -9.374
 0.000003    0.00036   -9.610
 0.000001    0.00010   -9.804
 0.000000    0.00001   -9.886
 0.000000    0.00000    0.000
 0.000000    0.00000    0.000
 0.000000    0.00000    0.000
 0.000000    0.00000    0.000
 0.000000    0.00000    0.000
 0.000000    0.00000    0.000
 0.000000    0.00000    0.000
 0.000000    0.00000    0.000
 0.000000    0.00000    0.000
 0.000000    0.00000    0.000
 0.000000    0.00000    0.000
 0.000000    0.00000    0.000
 0.000000    0.00000    0.000
 0.000000    0.00000    0.000
 0.000000    0.00000    0.000
 0.000000    0.00000    0.000
 0.000000    0.00000    0.000
 0.000000    0.00000    0.000
 0.000000    0.00000    0.000
 0.000000    0.00000    0.000
 0.000000    0.00000    0.000
 0.000001    0.00013   -8.142
 0.000006    0.00076   -8.035
 0.000012    0.00148   -7.924
 0.000015    0.00181   -7.816
 0.000016    0.00189   -7.707
 0.000016    0.00190   -7.607
 0.000016    0.00193   -7.526
 0.000016    0.00193   -7.462
 0.000017    0.00201   -7.442
 0.000017    0.00194   -7.442
 0.000013    0.00151   -7.378
 0.000009    0.00106   -7.247
 0.000006    0.00072   -7.044
 0.000005    0.00057   -6.817
 0.000005    0.00059   -6.596
 0.000008    0.00085   -6.439
 0.000014    0.00150   -6.388
 0.000021    0.00217   -6.388
 0.000023    0.00247   -6.395
 0.000022    0.00226   -6.369
 0.000036    0.00375   -6.227
 0.000018    0.00181   -6.122
 0.000008    0.00081   -5.945
 0.000004    0.00039   -5.759
 0.000003    0.00024   -5.575
 0.000003    0.00025   -5.435
 0.000004    0.00040   -5.340
 0.000007    0.00066   -5.277
 0.000011    0.00098   -5.226
 0.000014    0.00121   -5.172
 0.000014    0.00121   -5.088
 0.000013    0.00111   -4.986
 0.000013    0.00113   -4.896
 0.000015    0.00127   -4.833
 0.000017    0.00141   -4.776
 0.000018    0.00146   -4.716
 0.000018    0.00149   -4.656
 0.000019    0.00158   -4.612
 0.000022    0.00175   -4.589
 0.000060    0.00478   -4.501
 0.000072    0.00572   -4.480
 0.000033    0.00259   -4.460
 0.000016    0.00124   -4.396
 0.000006    0.00050   -4.311
 0.000004    0.00034   -4.278
 0.000005    0.00035   -4.271
 0.000005    0.00040   -4.274
 0.000006    0.00050   -4.285
 0.000007    0.00057   -4.292
 0.000009    0.00069   -4.308
 0.000009    0.00071   -4.311
 0.000006    0.00047   -4.270
 0.000002    0.00015   -4.182
 0.000000    0.00001   -4.118
 0.000000    0.00000    0.000
 0.000000    0.00000    0.000
 0.000001    0.00009   -3.529
 0.000041    0.00264   -3.501
 0.000005    0.00032   -3.420
 0.000000    0.00000    0.000
 0.000000    0.00000    0.000
 0.000000    0.00000    0.000
 0.000000    0.00000    0.000
 0.000000    0.00000    0.000
 0.000023    0.00115   -2.556
 0.000072    0.00337   -2.437
 0.000082    0.00388   -2.449
 0.000042    0.00210   -2.576
 0.000024    0.00115   -2.496
 0.000030    0.00142   -2.444
 0.000027    0.00123   -2.378
 0.000034    0.00153   -2.324
 0.000029    0.00130   -2.268
 0.000024    0.00103   -2.225
 0.000025    0.00105   -2.158
 0.000035    0.00147   -2.128
 0.000028    0.00115   -2.078
 0.000025    0.00101   -2.040
 0.000018    0.00072   -1.996
 0.000023    0.00088   -1.964
 0.000015    0.00057   -1.913
 0.000029    0.00108   -1.891
 0.000023    0.00084   -1.853
 0.000022    0.00080   -1.824
 0.000015    0.00055   -1.789
 0.000023    0.00081   -1.761
 0.000023    0.00080   -1.732
 0.000021    0.00072   -1.707
 0.000019    0.00064   -1.678
 0.000014    0.00045   -1.654
 0.000017    0.00056   -1.626
 0.000017    0.00054   -1.607
 0.000014    0.00044   -1.580
 0.000013    0.00041   -1.562
 0.000010    0.00032   -1.538
 0.000005    0.00016   -1.523
 0.000005    0.00016   -1.493
 0.000010    0.00029   -1.483
 0.000009    0.00026   -1.458
 0.000008    0.00024   -1.447
 0.000000    0.00000   -1.436
 0.000000    0.00000    0.000
 0.000015    0.00042   -1.391
 0.000016    0.00045   -1.378
 0.000018    0.00051   -1.360
 0.000017    0.00047   -1.347
 0.000010    0.00027   -1.333
 0.000009    0.00025   -1.319
 0.000006    0.00015   -1.300
 0.000009    0.00024   -1.291
 0.000007    0.00018   -1.272
 0.000010    0.00025   -1.265
 0.000002    0.00006   -1.245
 0.000014    0.00034   -1.238
 0.000008    0.00019   -1.223
 0.000006    0.00015   -1.215
 0.000013    0.00031   -1.196
 0.000013    0.00033   -1.190
 0.000001    0.00002   -1.180
 0.000000    0.00000    0.000
 0.000000    0.00000    0.000
 0.000000    0.00000    0.000
 0.000000    0.00000    0.000
 0.000000    0.00000    0.000
 0.000000    0.00000    0.000
 0.000000    0.00000    0.000
 0.000000    0.00000    0.000
 0.000000    0.00000    0.000
 0.000000    0.00000    0.000
 0.000000    0.00000    0.000
 0.000000    0.00000    0.000
 0.000000    0.00000    0.000
 0.000000    0.00000    0.000
 0.000000    0.00000    0.000
 0.000000    0.00000    0.000
 0.000000    0.00000    0.000
 0.000001    0.00001   -0.535
 0.000000    0.00000    0.000
 0.000000    0.00000    0.000
 0.000003    0.00004   -0.623
 0.000028    0.00041   -0.699
 0.000017    0.00025   -0.711
 0.000039    0.00060   -0.742
 0.000037    0.00058   -0.753
 0.000023    0.00036   -0.758
 0.000005    0.00008   -0.753
 0.000036    0.00056   -0.758
 0.000018    0.00028   -0.748
 0.000023    0.00036   -0.742
 0.000019    0.00030   -0.733
 0.000024    0.00036   -0.721
 0.000010    0.00015   -0.711
 0.000000    0.00000    0.000
 0.000000    0.00000    0.000
 0.000003    0.00003   -0.634
 0.000004    0.00005   -0.616
 0.000001    0.00001   -0.564
 0.000001    0.00001   -0.551
 0.000000    0.00000    0.000
 0.000000    0.00000    0.000
 0.000000    0.00000    0.000
 0.000000    0.00000    0.000
 0.000000    0.00000    0.000
 0.000000    0.00000    0.000
 0.000000    0.00000    0.000
 0.000000    0.00000    0.000
 0.000000    0.00000    0.000
 0.000000    0.00000    0.000
 0.000000    0.00000    0.000
 0.000000    0.00000    0.000
 0.000000    0.00000    0.000
 0.000000    0.00000    0.000
 0.000000    0.00000    0.000
 0.000000    0.00000    0.000
 0.000000    0.00000    0.000
 0.000000    0.00000    0.000
 0.000000    0.00000    0.000
 0.000000    0.00000    0.000
 0.000000    0.00000    0.000
 0.000000    0.00000    0.000
 0.000000    0.00000    0.000
 0.000000    0.00000    0.000
 0.000000    0.00000    0.000
 0.000000    0.00000    0.000
 0.000000    0.00000    0.000
 0.000000    0.00000    0.000
 0.000000    0.00000    0.000
 0.000000    0.00000    0.000
 0.000000    0.00000    0.000
 0.000000    0.00000    0.000
 0.000000    0.00000    0.000
 0.000000    0.00000    0.000
 0.000000    0.00000    0.000
 0.000000    0.00000    0.000
 0.000000    0.00000    0.000
 0.000000    0.00000    0.000
 0.000000    0.00000    0.000
 0.000000    0.00000    0.000
 0.000000    0.00000    0.000
 0.000000    0.00000    0.000
 0.000000    0.00000    0.000
 0.000000    0.00000    0.000
 0.000000    0.00000    0.000
 0.000000    0.00000    0.000
 0.000000    0.00000    0.000
 0.000000    0.00000    0.000
 0.000000    0.00000    0.000
 0.000000    0.00000    0.000
 0.000000    0.00000    0.000
 0.000000    0.00000    0.000
 0.000000    0.00000    0.000
 0.000000    0.00000    0.000
 0.000000    0.00000    0.000
 0.000000    0.00000    0.000
 0.000000    0.00000    0.000
 0.000000    0.00000    0.000
 0.000000    0.00000    0.000
 0.000000    0.00000    0.000
 0.000000    0.00000    0.000
 0.000000    0.00000    0.000
 0.000000    0.00000    0.000
 0.000000    0.00000    0.000
 0.000000    0.00000    0.000
 0.000000    0.00000    0.000
 0.000000    0.00000    0.000
 0.000000    0.00000    0.000
 0.000000    0.00000    0.000
 0.000000    0.00000    0.000
 0.000000    0.00000    0.000
 0.000000    0.00000    0.000
 0.000000    0.00000    0.000
 0.000000    0.00000    0.000
 0.000000    0.00000    0.000
 0.000000    0.00000    0.000
 0.000000    0.00000    0.000
 0.000000    0.00000    0.000
 0.000000    0.00000    0.000
 0.000000    0.00000    0.000
 0.000000    0.00000    0.000
 0.000000    0.00000    0.000
 0.000000    0.00000    0.000
 0.000000    0.00000    0.000
 0.000000    0.00000    0.000
 0.000000    0.00000    0.000
 0.000000    0.00000    0.000
 0.000000    0.00000    0.000
 0.000000    0.00000    0.000
 0.000000    0.00000    0.000
 0.000011    0.00042   -1.905
 0.000026    0.00093   -1.846
 0.000017    0.00062   -1.817
 0.000000    0.00000    0.000
 0.000000    0.00000    0.000
 0.000000    0.00000    0.000
 0.000018    0.00074   -2.107
 0.000260    0.01122   -2.211
 0.000382    0.01659   -2.225
 0.000385    0.01672   -2.229
 0.000373    0.01712   -2.371
 0.000355    0.01659   -2.422
 0.000368    0.01798   -2.545
 0.000384    0.01841   -2.493
 0.000355    0.01623   -2.361
 0.000329    0.01411   -2.197
 0.000280    0.01144   -2.081
 0.000261    0.01029   -2.007
 0.000250    0.01000   -2.036
 0.000255    0.01022   -2.040
 0.000287    0.01146   -2.029
 0.000255    0.01015   -2.023
 0.000250    0.01006   -2.045
 0.000264    0.01070   -2.068
 0.000315    0.01300   -2.108
 0.000293    0.01223   -2.133
 0.000291    0.01218   -2.143
 0.000309    0.01279   -2.118
 0.000281    0.01167   -2.123
 0.000310    0.01299   -2.140
 0.000300    0.01263   -2.151
 0.000303    0.01287   -2.171
 0.000321    0.01355   -2.163
 0.000292    0.01227   -2.148
 0.000311    0.01291   -2.118
 0.000264    0.01070   -2.061
 0.000255    0.01011   -2.014
 0.000259    0.01012   -1.983
 0.000232    0.00915   -2.004
 0.000232    0.00926   -2.032
 0.000256    0.01035   -2.062
 0.000295    0.01190   -2.052
 0.000283    0.01148   -2.066
 0.000285    0.01175   -2.108
 0.000317    0.01345   -2.172
 0.000329    0.01436   -2.240
 0.000345    0.01555   -2.327
 0.000345    0.01595   -2.391
 0.000365    0.01698   -2.407
 0.000370    0.01721   -2.410
 0.000370    0.01719   -2.407
 0.000365    0.01690   -2.394
 0.000346    0.01581   -2.362
 0.000349    0.01566   -2.318
 0.000341    0.01514   -2.291
 0.000315    0.01373   -2.241
 0.000337    0.01468   -2.241
 0.000306    0.01321   -2.221
 0.000326    0.01404   -2.212
 0.000302    0.01284   -2.176
 0.000331    0.01420   -2.198
 0.000313    0.01352   -2.215
 0.000336    0.01466   -2.238
 0.000316    0.01382   -2.246
 0.000338    0.01480   -2.248
 0.000314    0.01376   -2.249
 0.000335    0.01459   -2.237
 0.000320    0.01394   -2.238
 0.000319    0.01380   -2.219
 0.000317    0.01378   -2.232
 0.000311    0.01342   -2.220
 0.000309    0.01351   -2.256
 0.000305    0.01336   -2.261
 0.000281    0.01219   -2.240
 0.000306    0.01305   -2.190
 0.000279    0.01164   -2.132
 0.000304    0.01276   -2.149
 0.000294    0.01238   -2.153
 0.000283    0.01198   -2.166
 0.000308    0.01299   -2.160
 0.000278    0.01172   -2.158
 0.000304    0.01287   -2.169
 0.000283    0.01194   -2.159
 0.000285    0.01208   -2.171
 0.000299    0.01264   -2.164
 0.000274    0.01156   -2.161
 0.000303    0.01304   -2.218
 0.000267    0.01143   -2.205
 0.000272    0.01149   -2.162
 0.000290    0.01217   -2.143
 0.000267    0.01120   -2.147
 0.000292    0.01237   -2.165
 0.000274    0.01155   -2.156
 0.000270    0.01144   -2.172
 0.000297    0.01265   -2.179
 0.000269    0.01144   -2.179
 0.000298    0.01278   -2.201
 0.000280    0.01201   -2.201
 0.000294    0.01275   -2.226
 0.000292    0.01265   -2.224
 0.000293    0.01280   -2.244
 0.000298    0.01300   -2.240
 0.000296    0.01302   -2.260
 0.000299    0.01313   -2.256
 0.000303    0.01342   -2.277
 0.000296    0.01310   -2.272
 0.000312    0.01389   -2.294
 0.000293    0.01308   -2.294
 0.000318    0.01427   -2.313
 0.000296    0.01337   -2.327
 0.000317    0.01429   -2.326
 0.000317    0.01441   -2.346
 0.000301    0.01370   -2.347
 0.000323    0.01477   -2.361
 0.000319    0.01470   -2.384
 0.000310    0.01432   -2.393
 0.000327    0.01520   -2.403
 0.000328    0.01530   -2.417
 0.000314    0.01468   -2.418
 0.000315    0.01464   -2.403
 0.000323    0.01499   -2.401
 0.000311    0.01441   -2.399
 0.000297    0.01362   -2.370
 0.000312    0.01434   -2.379
 0.000289    0.01325   -2.375
 0.000295    0.01345   -2.361
 0.000290    0.01329   -2.374
 0.000276    0.01240   -2.324
 0.000288    0.01294   -2.324
 0.000270    0.01199   -2.288
 0.000289    0.01295   -2.309
 0.000269    0.01204   -2.310
 0.000294    0.01327   -2.331
 0.000271    0.01230   -2.341
 0.000296    0.01349   -2.351
 0.000287    0.01316   -2.373
 0.000286    0.01311   -2.370
 0.000301    0.01388   -2.387
 0.000279    0.01291   -2.390
 0.000293    0.01348   -2.375
 0.000291    0.01341   -2.387
 0.000270    0.01234   -2.362
 0.000288    0.01322   -2.377
 0.000257    0.01164   -2.343
 0.000279    0.01267   -2.341
 0.000253    0.01143   -2.325
 0.000278    0.01259   -2.334
 0.000259    0.01177   -2.350
 0.000276    0.01254   -2.347
 0.000273    0.01251   -2.370
 0.000263    0.01203   -2.358
 0.000279    0.01281   -2.375
 0.000256    0.01170   -2.361
 0.000278    0.01276   -2.371
 0.000249    0.01137   -2.360
 0.000270    0.01247   -2.393
 0.000240    0.01128   -2.466
 0.000259    0.01234   -2.523
 0.000225    0.01046   -2.445
 0.000254    0.01194   -2.487
 0.000216    0.00979   -2.359
 0.000235    0.01059   -2.344
 0.000228    0.01007   -2.272
 0.000213    0.00941   -2.272
 0.000245    0.01085   -2.282
 0.000210    0.00933   -2.280
 0.000238    0.01066   -2.306
 0.000221    0.00984   -2.288
 0.000218    0.00975   -2.305
 0.000239    0.01095   -2.390
 0.000206    0.01028   -2.700
 0.000228    0.01180   -2.852
 0.000193    0.00950   -2.670
 0.000176    0.00806   -2.421
 0.000205    0.00911   -2.316
 0.000196    0.00846   -2.225
 0.000172    0.00739   -2.201
 0.000187    0.00809   -2.222
 0.000212    0.00918   -2.218
 0.000168    0.00725   -2.218
 0.000175    0.00761   -2.234
 0.000212    0.00926   -2.244
 0.000172    0.00745   -2.227
 0.000169    0.00740   -2.240
 0.000209    0.00920   -2.268
 0.000183    0.00800   -2.246
 0.000173    0.00759   -2.258
 0.000213    0.00951   -2.293
 0.000190    0.00837   -2.272
 0.000181    0.00807   -2.289
 0.000226    0.01014   -2.314
 0.000183    0.00813   -2.290
 0.000197    0.00888   -2.324
 0.000219    0.00987   -2.318
 0.000180    0.00807   -2.306
 0.000225    0.01020   -2.344
 0.000188    0.00842   -2.308
 0.000190    0.00862   -2.336
 0.000226    0.01028   -2.353
 0.000177    0.00796   -2.317
 0.000222    0.01014   -2.363
 0.000195    0.00885   -2.336
 0.000199    0.00912   -2.369
 0.000223    0.01020   -2.365
 0.000191    0.00878   -2.372
 0.000234    0.01079   -2.387
 0.000186    0.00852   -2.368
 0.000233    0.01082   -2.402
 0.000187    0.00858   -2.364
 0.000221    0.01028   -2.409
 0.000198    0.00908   -2.370
 0.000196    0.00910   -2.397
 0.000220    0.01019   -2.395
 0.000181    0.00834   -2.375
 0.000231    0.01077   -2.414
 0.000178    0.00816   -2.372
 0.000226    0.01056   -2.421
 0.000187    0.00860   -2.381
 0.000211    0.00987   -2.421
 0.000202    0.00937   -2.396
 0.000196    0.00918   -2.421
 0.000217    0.01011   -2.413
 0.000186    0.00866   -2.414
 0.000227    0.01065   -2.431
 0.000176    0.00819   -2.404
 0.000230    0.01087   -2.449
 0.000174    0.00809   -2.398
 0.000225    0.01061   -2.451
 0.000182    0.00848   -2.408
 0.000215    0.01016   -2.453
 0.000194    0.00906   -2.423
 0.000207    0.00984   -2.460
 0.000202    0.00951   -2.436
 0.000202    0.00960   -2.466
 0.000207    0.00978   -2.446
 0.000196    0.00933   -2.467
 0.000211    0.00996   -2.453
 0.000188    0.00894   -2.461
 0.000217    0.01026   -2.461
 0.000176    0.00832   -2.446
 0.000223    0.01059   -2.470
 0.000165    0.00773   -2.424
 0.000224    0.01065   -2.476
 0.000163    0.00761   -2.414
 0.000212    0.01008   -2.476
 0.000176    0.00825   -2.424
 0.000185    0.00877   -2.457
 0.000203    0.00957   -2.445
 0.000171    0.00808   -2.453
 0.000218    0.01033   -2.461
 0.000165    0.00779   -2.455
 0.000223    0.01066   -2.481
 0.000163    0.00771   -2.452
 0.000222    0.01065   -2.495
 0.000165    0.00783   -2.452
 0.000217    0.01046   -2.502
 0.000171    0.00810   -2.459
 0.000212    0.01021   -2.508
 0.000177    0.00840   -2.467
 0.000205    0.00992   -2.512
 0.000182    0.00870   -2.475
 0.000199    0.00961   -2.515
 0.000188    0.00899   -2.483
 0.000190    0.00920   -2.514
 0.000195    0.00933   -2.490
 0.000182    0.00876   -2.507
 0.000202    0.00972   -2.497
 0.000170    0.00819   -2.501
 0.000210    0.01016   -2.515
 0.000151    0.00721   -2.477
 0.000217    0.01099   -2.698
 0.000141    0.00709   -2.702
 0.000158    0.00822   -2.806
 0.000189    0.00974   -2.796
 0.000120    0.00593   -2.640
 0.000140    0.00689   -2.633
 0.000183    0.00899   -2.620
 0.000120    0.00558   -2.426
 0.000115    0.00523   -2.355
 0.000171    0.00789   -2.395
 0.000147    0.00666   -2.349
 0.000105    0.00480   -2.351
 0.000138    0.00637   -2.383
 0.000176    0.00806   -2.367
 0.000113    0.00513   -2.350
 0.000120    0.00553   -2.384
 0.000181    0.00837   -2.395
 0.000132    0.00604   -2.361
 0.000109    0.00500   -2.372
 0.000169    0.00789   -2.415
 0.000153    0.00707   -2.384
 0.000107    0.00488   -2.366
 0.000151    0.00707   -2.421
 0.000173    0.00804   -2.411
 0.000109    0.00500   -2.369
 0.000141    0.00659   -2.422
 0.000181    0.00849   -2.431
 0.000111    0.00509   -2.369
 0.000130    0.00607   -2.415
 0.000185    0.00873   -2.448
 0.000116    0.00534   -2.371
 0.000115    0.00532   -2.399
 0.000182    0.00862   -2.455
 0.000130    0.00601   -2.387
 0.000104    0.00479   -2.385
 0.000166    0.00784   -2.444
 0.000151    0.00703   -2.410
 0.000102    0.00470   -2.380
 0.000145    0.00681   -2.433
 0.000171    0.00803   -2.436
 0.000103    0.00471   -2.369
 0.000123    0.00575   -2.417
 0.000180    0.00850   -2.455
 0.000115    0.00529   -2.374
 0.000097    0.00446   -2.377
 0.000155    0.00730   -2.444
 0.000151    0.00702   -2.415
 0.000092    0.00417   -2.346
 0.000106    0.00489   -2.386
 0.000168    0.00792   -2.438
 0.000126    0.00580   -2.386
 0.000085    0.00391   -2.406
 0.000109    0.00541   -2.668
 0.000164    0.00855   -2.883
 0.000119    0.00615   -2.879
 0.000079    0.00410   -2.876
 0.000080    0.00417   -2.885
 0.000115    0.00593   -2.853
 0.000145    0.00750   -2.879
 0.000099    0.00507   -2.838
 0.000070    0.00362   -2.875
 0.000062    0.00329   -2.973
 0.000083    0.00442   -2.996
 0.000107    0.00572   -2.987
 0.000126    0.00738   -3.477
 0.000086    0.00519   -3.739
 0.000060    0.00368   -3.837
 0.000044    0.00237   -3.178
 0.000037    0.00163   -2.273
 0.000054    0.00237   -2.242
 0.000071    0.00312   -2.255
 0.000090    0.00392   -2.241
 0.000107    0.00467   -2.230
 0.000083    0.00361   -2.223
 0.000061    0.00267   -2.225
 0.000048    0.00208   -2.234
 0.000039    0.00170   -2.252
 0.000054    0.00240   -2.278
 0.000073    0.00327   -2.301
 0.000096    0.00426   -2.293
 0.000114    0.00506   -2.285
 0.000082    0.00363   -2.271
 0.000059    0.00260   -2.260
 0.000045    0.00199   -2.259
 0.000058    0.00261   -2.295
 0.000085    0.00386   -2.327
 0.000113    0.00510   -2.318
 0.000113    0.00507   -2.307
 0.000075    0.00330   -2.275
 0.000054    0.00237   -2.248
 0.000047    0.00207   -2.263
 0.000070    0.00312   -2.311
 0.000098    0.00444   -2.343
 0.000123    0.00556   -2.342
 0.000096    0.00431   -2.318
 0.000065    0.00286   -2.269
 0.000049    0.00217   -2.260
 0.000060    0.00267   -2.303
 0.000094    0.00429   -2.354
 0.000130    0.00597   -2.367
 0.000105    0.00478   -2.340
 0.000069    0.00307   -2.278
 0.000052    0.00232   -2.283
 0.000072    0.00323   -2.324
 0.000110    0.00503   -2.366
 0.000135    0.00622   -2.381
 0.000091    0.00408   -2.325
 0.000062    0.00274   -2.270
 0.000052    0.00234   -2.292
 0.000076    0.00343   -2.330
 0.000111    0.00512   -2.374
 0.000128    0.00590   -2.392
 0.000084    0.00377   -2.321
 0.000059    0.00258   -2.262
 0.000047    0.00211   -2.281
 0.000068    0.00308   -2.319
 0.000102    0.00467   -2.355
 0.000130    0.00600   -2.392
 0.000091    0.00411   -2.335
 0.000062    0.00274   -2.267
 0.000048    0.00214   -2.280
 0.000068    0.00305   -2.320
 0.000102    0.00465   -2.352
 0.000132    0.00609   -2.391
 0.000093    0.00421   -2.336
 0.000063    0.00278   -2.269
 0.000048    0.00215   -2.278
 0.000066    0.00299   -2.317
 0.000099    0.00453   -2.354
 0.000130    0.00599   -2.391
 0.000096    0.00434   -2.343
 0.000064    0.00281   -2.268
 0.000049    0.00215   -2.270
 0.000059    0.00264   -2.305
 0.000089    0.00405   -2.343
 0.000120    0.00554   -2.383
 0.000108    0.00496   -2.365
 0.000069    0.00305   -2.280
 0.000051    0.00225   -2.254
 0.000046    0.00202   -2.276
 0.000067    0.00301   -2.309
 0.000096    0.00436   -2.350
 0.000117    0.00539   -2.379
 0.000093    0.00424   -2.343
 0.000062    0.00271   -2.265
 0.000047    0.00205   -2.242
 0.000038    0.00175   -2.409
 0.000055    0.00302   -3.294
 0.000069    0.00422   -3.797
 0.000077    0.00502   -4.140
 0.000079    0.00559   -4.577
 0.000075    0.00588   -5.274
 0.000076    0.00669   -6.044
 0.000055    0.00536   -6.951
 0.000038    0.00412   -7.798
 0.000028    0.00329   -8.693
 0.000020    0.00248   -9.054
 0.000013    0.00154   -8.503
 0.000009    0.00095   -7.431
 0.000008    0.00071   -6.673
 0.000007    0.00071   -6.860
 0.000007    0.00069   -7.002
 0.000006    0.00063   -6.982
 0.000005    0.00047   -6.149
 0.000004    0.00026   -4.086
 0.000004    0.00017   -2.290
 0.000004    0.00017   -2.098
 0.000005    0.00019   -2.104
 0.000005    0.00021   -2.287
 0.000006    0.00040   -4.136
 0.000007    0.00052   -5.248
 0.000006    0.00045   -4.965
 0.000007    0.00044   -4.221
 0.000014    0.00072   -2.963
 0.000015    0.00073   -2.736
 0.000015    0.00067   -2.337
 0.000016    0.00068   -2.131
 0.000018    0.00074   -2.130
 0.000020    0.00099   -2.723
 0.000024    0.00156   -4.156
 0.000024    0.00197   -5.413
 0.000021    0.00195   -6.378
 0.000016    0.00168   -7.238
 0.000012    0.00130   -7.833
 0.000008    0.00095   -8.148
 0.000006    0.00073   -8.533
 0.000005    0.00065   -9.068
 0.000004    0.00060   -9.813
 0.000004    0.00060  -10.741
 0.000003    0.00052  -11.304
 0.000003    0.00040  -11.337
 0.000002    0.00026  -11.335
 0.000001    0.00015  -11.304
 0.000001    0.00011  -10.659
 0.000001    0.00014   -8.078
 0.000002    0.00016   -6.548
 0.000002    0.00016   -4.982
 0.000003    0.00023   -4.971
 0.000004    0.00041   -6.270
 0.000005    0.00051   -7.039
 0.000005    0.00050   -7.377
 0.000004    0.00042   -7.464
 0.000003    0.00034   -7.293
 0.000003    0.00029   -7.016
 0.000003    0.00026   -6.661
 0.000003    0.00025   -6.346
 0.000003    0.00025   -6.041
 0.000003    0.00025   -5.797
 0.000003    0.00027   -5.697
 0.000003    0.00028   -5.549
 0.000004    0.00031   -5.629
 0.000004    0.00036   -6.065
 0.000005    0.00046   -6.795
 0.000005    0.00054   -7.601
 0.000005    0.00058   -8.192
 0.000005    0.00061   -8.911
 0.000005    0.00069   -9.687
 0.000006    0.00078   -9.707
 0.000006    0.00088   -9.593
 0.000007    0.00096   -9.487
 0.000008    0.00107   -9.396
 0.000008    0.00114   -9.324
 0.000008    0.00111   -9.227
 0.000007    0.00100   -9.103
 0.000007    0.00092   -8.945
 0.000006    0.00072   -8.733
 0.000002    0.00030   -8.367
 0.000001    0.00014   -7.949
 0.000002    0.00026   -7.639
 0.000002    0.00020   -7.419
 0.000001    0.00011   -7.159
 0.000001    0.00008   -6.924
 0.000000    0.00005   -6.706
 0.000001    0.00006   -6.488
 0.000000    0.00003   -6.288
 0.000000    0.00001   -6.063
 0.000000    0.00000   -5.845
 0.000000    0.00001   -5.814
 0.000000    0.00003   -5.585
 0.000000    0.00002   -5.405
 0.000001    0.00009   -5.309
 0.000001    0.00007   -5.172
 0.000001    0.00011   -5.071
 0.000002    0.00014   -4.939
 0.000002    0.00016   -4.842
 0.000001    0.00011   -4.731
 0.000001    0.00007   -4.615
 0.000001    0.00007   -4.494
 0.000000    0.00003   -4.382
 0.000001    0.00006   -4.312
 0.000000    0.00002   -4.193
 0.000001    0.00008   -4.119
 0.000001    0.00006   -4.056
 0.000001    0.00006   -3.957
 0.000002    0.00011   -3.887
 0.000003    0.00019   -3.816
 0.000004    0.00030   -3.752
 0.000006    0.00043   -3.692
 0.000008    0.00055   -3.635
 0.000010    0.00067   -3.580
 0.000016    0.00102   -3.375
 0.000052    0.00317   -3.294
 0.000263    0.01628   -3.313
 0.000312    0.01960   -3.382
 0.000374    0.02346   -3.375
 0.000209    0.01287   -3.302
 0.000085    0.00514   -3.213
 0.000031    0.00180   -3.141
 0.000002    0.00014   -3.072
 0.000000    0.00000    0.000
 0.000001    0.00003   -2.883
 0.000010    0.00055   -2.863
 0.000006    0.00031   -2.776
 0.000008    0.00041   -2.753
 0.000017    0.00085   -2.676
 0.000065    0.00329   -2.652
 0.000080    0.00395   -2.559
 0.000054    0.00266   -2.554
 0.000069    0.00331   -2.483
 0.000042    0.00199   -2.456
 0.000056    0.00259   -2.391
 0.000035    0.00159   -2.358
 0.000029    0.00131   -2.309
 0.000023    0.00103   -2.279
 0.000030    0.00129   -2.235
 0.000015    0.00064   -2.209
 0.000032    0.00136   -2.163
 0.000021    0.00087   -2.143
 0.000015    0.00061   -2.102
 0.000010    0.00040   -2.087
 0.000008    0.00033   -2.045
 0.000007    0.00029   -2.032
 0.000013    0.00052   -1.997
 0.000008    0.00032   -1.984
 0.000009    0.00034   -1.950
 0.000012    0.00047   -1.937
 0.000012    0.00047   -1.913
 0.000007    0.00026   -1.897
 0.000003    0.00011   -1.870
 0.000005    0.00017   -1.858
 0.000004    0.00016   -1.835
 0.000005    0.00019   -1.822
 0.000010    0.00035   -1.800
 0.000010    0.00036   -1.786
 0.000016    0.00055   -1.766
 0.000015    0.00051   -1.752
 0.000011    0.00037   -1.733
 0.000012    0.00041   -1.720
 0.000014    0.00046   -1.701
 0.000010    0.00035   -1.689
 0.000012    0.00041   -1.670
 0.000011    0.00036   -1.660
 0.000006    0.00019   -1.644
 0.000003    0.00009   -1.633
 0.000012    0.00040   -1.613
 0.000010    0.00032   -1.605
 0.000009    0.00030   -1.587
 0.000005    0.00017   -1.579
 0.000006    0.00019   -1.560
 0.000003    0.00010   -1.555
 0.000013    0.00041   -1.536
 0.000014    0.00044   -1.526
 0.000018    0.00055   -1.514
 0.000010    0.00032   -1.502
 0.000016    0.00049   -1.488
 0.000012    0.00036   -1.478
 0.000013    0.00038   -1.465
 0.000004    0.00011   -1.458
 0.000016    0.00047   -1.442
 0.000008    0.00023   -1.435
 0.000009    0.00025   -1.419
 0.000008    0.00022   -1.412
 0.000010    0.00029   -1.398
 0.000011    0.00030   -1.389
 0.000004    0.00012   -1.382
 0.000000    0.00000    0.000
 0.000000    0.00000    0.000
 0.000000    0.00000    0.000
 0.000000    0.00000   -1.332
 0.000000    0.00000   -1.331
 0.000008    0.00022   -1.312
 0.000013    0.00034   -1.305
 0.000011    0.00028   -1.296
 0.000003    0.00008   -1.286
 0.000007    0.00019   -1.275
 0.000006    0.00014   -1.268
 0.000002    0.00006   -1.256
 0.000003    0.00007   -1.250
 0.000000    0.00001   -1.237
 0.000002    0.00005   -1.232
 0.000003    0.00006   -1.222
 0.000002    0.00005   -1.216
 0.000000    0.00000   -1.211
 0.000000    0.00000    0.000
 0.000000    0.00000    0.000
 0.000000    0.00000    0.000
 0.000000    0.00000    0.000
 0.000006    0.00016   -1.278
 0.000002    0.00006   -1.208
 0.000000    0.00000    0.000
 0.000000    0.00000    0.000
 0.000000    0.00000    0.000
 0.000000    0.00000    0.000
 0.000000    0.00000    0.000
 0.000000    0.00000    0.000
 0.000000    0.00000    0.000
 0.000001    0.00002   -1.105
 0.000001    0.00003   -1.102
 0.000005    0.00010   -1.094
 0.000003    0.00006   -1.090
 0.000004    0.00010   -1.081
 0.000001    0.00002   -1.079
 0.000002    0.00005   -1.070
 0.000000    0.00000    0.000
 0.000000    0.00000    0.000
 0.000000    0.00000    0.000
 0.000000    0.00000    0.000
 0.000000    0.00000    0.000
 0.000000    0.00000    0.000
 0.000000    0.00000    0.000
 0.000000    0.00000    0.000
 0.000000    0.00000    0.000
 0.000000    0.00000    0.000
 0.000000    0.00000    0.000
 0.000000    0.00000    0.000
 0.000000    0.00000    0.000
 0.000000    0.00000    0.000
 0.000000    0.00000    0.000
 0.000000    0.00000    0.000
 0.000000    0.00000    0.000
 0.000000    0.00000    0.000
 0.000000    0.00000    0.000
 0.000016    0.00020   -0.604
 0.000011    0.00014   -0.588
 0.000022    0.00027   -0.600
 0.000000    0.00000   -0.571
 0.000008    0.00009   -0.583
 0.000001    0.00001   -0.569
 0.000015    0.00019   -0.600
 0.000001    0.00002   -0.599
 0.000005    0.00007   -0.633
 0.000000    0.00000   -0.546
 0.000006    0.00007   -0.641
 0.000000    0.00000    0.000
 0.000019    0.00026   -0.638
 0.000001    0.00001   -0.681
 0.000004    0.00006   -0.665
 0.000001    0.00002   -0.722
 0.000002    0.00004   -0.845
 0.000001    0.00003   -0.849
 0.000000    0.00000   -0.843
 0.000000    0.00000   -0.842
 0.000000    0.00000    0.000
 0.000000    0.00000    0.000
 0.000000    0.00000    0.000
 0.000000    0.00000    0.000
 0.000000    0.00000    0.000
 0.000000    0.00000    0.000
 0.000000    0.00000    0.000
 0.000000    0.00000    0.000
 0.000000    0.00000    0.000
 0.000000    0.00000    0.000
 0.000001    0.00002   -0.794
 0.000000    0.00000    0.000
 0.000000    0.00000    0.000
 0.000000    0.00000    0.000
 0.000000    0.00000   -0.777
 0.000000    0.00000   -0.622
 0.000000    0.00000    0.000
 0.000000    0.00000    0.000
 0.000000    0.00000    0.000
 0.000000    0.00001   -1.174
 0.000000    0.00000    0.000
 0.000001    0.00002   -1.436
 0.000000    0.00000    0.000
 0.000000    0.00000    0.000
 0.000000    0.00000    0.000
 0.000000    0.00000    0.000
 0.000000    0.00000    0.000
 0.000011    0.00046   -2.216
 0.000003    0.00011   -2.124
 0.000000    0.00000    0.000
 0.000000    0.00000    0.000
 0.000004    0.00015   -2.178
 0.000004    0.00020   -2.460
 0.000066    0.00335   -2.654
 0.000001    0.00004   -2.216
 0.000081    0.00234   -1.432
 0.000003    0.00008   -1.468
 0.000028    0.00106   -1.903
 0.000014    0.00052   -1.882
 0.000044    0.00191   -2.243
 0.000015    0.00067   -2.223
 0.000019    0.00086   -2.381
 0.000024    0.00113   -2.398
 0.000084    0.00354   -2.154
 0.000022    0.00084   -1.948
 0.000000    0.00000    0.000
 0.000000    0.00000    0.000
 0.000000    0.00000    0.000
 0.000000    0.00000    0.000
 0.000000    0.00000    0.000
 0.000000    0.00000    0.000
 0.000000    0.00000    0.000
 0.000000    0.00000    0.000
 0.000000    0.00000    0.000
 0.000000    0.00000    0.000
 0.000000    0.00000    0.000
 0.000000    0.00000    0.000
 0.000000    0.00000    0.000
 0.000004    0.00021   -2.611
 0.000003    0.00017   -2.719
 0.000006    0.00031   -2.840
 0.000000    0.00000    0.000
 0.000000    0.00000    0.000
 0.000000    0.00000    0.000
 0.000000    0.00000    0.000
 0.000000    0.00000    0.000
 0.000000    0.00000    0.000
 0.000000    0.00000    0.000
 0.000000    0.00000    0.000
 0.000000    0.00000    0.000
 0.000000    0.00000    0.000
 0.000000    0.00000    0.000
 0.000000    0.00000    0.000
 0.000000    0.00000    0.000
 0.000000    0.00000    0.000
 0.000000    0.00000    0.000
 0.000000    0.00000    0.000
 0.000000    0.00000    0.000
 0.000000    0.00000    0.000
 0.000000    0.00000    0.000
 0.000000    0.00000    0.000
 0.000000    0.00000    0.000
 0.000000    0.00000    0.000
 0.000000    0.00000    0.000
 0.000000    0.00000    0.000
 0.000000    0.00000    0.000
 0.000000    0.00000    0.000
 0.000000    0.00000    0.000
 0.000000    0.00000    0.000
 0.000000    0.00000    0.000
 0.000000    0.00000    0.000
 0.000000    0.00000    0.000
 0.000000    0.00000    0.000
 0.000000    0.00000    0.000
 0.000000    0.00000    0.000
 0.000044    0.00166   -1.906
 0.000166    0.00638   -1.948
 0.000268    0.01047   -1.980
 0.000334    0.01319   -2.004
 0.000360    0.01458   -2.060
 0.000390    0.01634   -2.143
 0.000350    0.01534   -2.251
 0.000352    0.01587   -2.320
 0.000346    0.01570   -2.344
 0.000339    0.01538   -2.338
 0.000349    0.01569   -2.317
 0.000356    0.01598   -2.315
 0.000346    0.01558   -2.326
 0.000346    0.01563   -2.333
 0.000358    0.01628   -2.350
 0.000354    0.01621   -2.362
 0.000341    0.01556   -2.358
 0.000354    0.01604   -2.340
 0.000351    0.01585   -2.328
 0.000328    0.01469   -2.309
 0.000340    0.01508   -2.281
 0.000333    0.01470   -2.272
 0.000315    0.01374   -2.245
 0.000329    0.01437   -2.243
 0.000304    0.01314   -2.219
 0.000324    0.01402   -2.224
 0.000297    0.01274   -2.202
 0.000314    0.01346   -2.203
 0.000291    0.01237   -2.176
 0.000291    0.01238   -2.179
 0.000296    0.01247   -2.160
 0.000269    0.01127   -2.146
 0.000293    0.01225   -2.140
 0.000269    0.01114   -2.114
 0.000261    0.01080   -2.117
 0.000287    0.01193   -2.121
 0.000257    0.01059   -2.100
 0.000249    0.01028   -2.104
 0.000275    0.01137   -2.108
 0.000250    0.01023   -2.085
 0.000237    0.00968   -2.083
 0.000252    0.01035   -2.093
 0.000259    0.01058   -2.083
 0.000232    0.00940   -2.069
 0.000233    0.00947   -2.074
 0.000261    0.01070   -2.087
 0.000246    0.01004   -2.078
 0.000231    0.00945   -2.081
 0.000238    0.00979   -2.095
 0.000266    0.01095   -2.100
 0.000233    0.00952   -2.085
 0.000229    0.00939   -2.093
 0.000254    0.01048   -2.111
 0.000238    0.00976   -2.096
 0.000218    0.00889   -2.084
 0.000222    0.00912   -2.096
 0.000248    0.01021   -2.100
 0.000218    0.00888   -2.080
 0.000205    0.00832   -2.074
 0.000208    0.00849   -2.083
 0.000236    0.00967   -2.093
 0.000207    0.00842   -2.075
 0.000191    0.00772   -2.063
 0.000191    0.00773   -2.061
 0.000202    0.00818   -2.067
 0.000229    0.00925   -2.063
 0.000195    0.00786   -2.050
 0.000187    0.00751   -2.049
 0.000192    0.00775   -2.059
 0.000214    0.00872   -2.079
 0.000214    0.00868   -2.072
 0.000190    0.00768   -2.065
 0.000185    0.00749   -2.067
 0.000193    0.00790   -2.081
 0.000222    0.00912   -2.094
 0.000193    0.00784   -2.076
 0.000180    0.00730   -2.068
 0.000182    0.00743   -2.077
 0.000198    0.00814   -2.098
 0.000211    0.00867   -2.097
 0.000179    0.00727   -2.073
 0.000174    0.00705   -2.068
 0.000182    0.00742   -2.083
 0.000208    0.00860   -2.108
 0.000191    0.00781   -2.089
 0.000172    0.00702   -2.074
 0.000171    0.00697   -2.078
 0.000181    0.00745   -2.096
 0.000210    0.00871   -2.115
 0.000176    0.00719   -2.088
 0.000166    0.00678   -2.081
 0.000167    0.00683   -2.089
 0.000178    0.00738   -2.120
 0.000204    0.00853   -2.142
 0.000160    0.00657   -2.105
 0.000153    0.00627   -2.095
 0.000153    0.00626   -2.096
 0.000161    0.00662   -2.105
 0.000190    0.00790   -2.132
 0.000164    0.00674   -2.104
 0.000139    0.00564   -2.073
 0.000139    0.00565   -2.066
 0.000144    0.00584   -2.070
 0.000154    0.00630   -2.086
 0.000184    0.00764   -2.119
 0.000155    0.00634   -2.087
 0.000131    0.00530   -2.064
 0.000135    0.00549   -2.073
 0.000142    0.00583   -2.090
 0.000155    0.00644   -2.114
 0.000185    0.00772   -2.129
 0.000152    0.00628   -2.108
 0.000136    0.00558   -2.098
 0.000142    0.00587   -2.109
 0.000156    0.00648   -2.127
 0.000187    0.00785   -2.147
 0.000159    0.00661   -2.125
 0.000136    0.00560   -2.106
 0.000141    0.00583   -2.114
 0.000154    0.00644   -2.136
 0.000183    0.00770   -2.153
 0.000157    0.00652   -2.129
 0.000129    0.00532   -2.106
 0.000134    0.00555   -2.113
 0.000147    0.00612   -2.134
 0.000171    0.00722   -2.158
 0.000165    0.00690   -2.141
 0.000125    0.00518   -2.111
 0.000127    0.00525   -2.113
 0.000136    0.00568   -2.129
 0.000152    0.00639   -2.156
 0.000177    0.00745   -2.158
 0.000132    0.00550   -2.126
 0.000116    0.00481   -2.115
 0.000125    0.00521   -2.127
 0.000141    0.00592   -2.155
 0.000169    0.00719   -2.179
 0.000151    0.00637   -2.156
 0.000117    0.00486   -2.128
 0.000122    0.00512   -2.138
 0.000137    0.00577   -2.160
 0.000165    0.00705   -2.195
 0.000163    0.00693   -2.179
 0.000120    0.00505   -2.145
 0.000123    0.00519   -2.153
 0.000139    0.00589   -2.175
 0.000170    0.00732   -2.210
 0.000156    0.00667   -2.185
 0.000116    0.00488   -2.149
 0.000122    0.00516   -2.157
 0.000138    0.00590   -2.184
 0.000169    0.00727   -2.213
 0.000148    0.00629   -2.182
 0.000109    0.00457   -2.145
 0.000109    0.00457   -2.147
 0.000121    0.00513   -2.165
 0.000137    0.00592   -2.217
 0.000161    0.00709   -2.278
 0.000115    0.00492   -2.203
 0.000091    0.00381   -2.148
 0.000090    0.00377   -2.147
 0.000101    0.00426   -2.173
 0.000112    0.00482   -2.212
 0.000121    0.00530   -2.254
 0.000142    0.00628   -2.297
 0.000098    0.00421   -2.203
 0.000079    0.00331   -2.137
 0.000069    0.00283   -2.108
 0.000078    0.00323   -2.109
 0.000086    0.00358   -2.117
 0.000096    0.00400   -2.127
 0.000105    0.00438   -2.139
 0.000133    0.00570   -2.200
 0.000100    0.00420   -2.141
 0.000079    0.00327   -2.114
 0.000067    0.00280   -2.118
 0.000070    0.00291   -2.132
 0.000082    0.00346   -2.147
 0.000096    0.00405   -2.166
 0.000108    0.00461   -2.190
 0.000135    0.00582   -2.206
 0.000101    0.00427   -2.173
 0.000078    0.00326   -2.137
 0.000068    0.00285   -2.142
 0.000083    0.00350   -2.160
 0.000098    0.00418   -2.184
 0.000114    0.00490   -2.214
 0.000140    0.00607   -2.226
 0.000104    0.00442   -2.187
 0.000079    0.00331   -2.145
 0.000070    0.00296   -2.154
 0.000085    0.00362   -2.172
 0.000102    0.00438   -2.199
 0.000118    0.00512   -2.231
 0.000137    0.00595   -2.232
 0.000094    0.00403   -2.184
 0.000073    0.00306   -2.145
 0.000066    0.00277   -2.156
 0.000080    0.00341   -2.173
 0.000096    0.00411   -2.200
 0.000110    0.00477   -2.237
 0.000131    0.00569   -2.240
 0.000095    0.00409   -2.199
 0.000072    0.00302   -2.154
 0.000060    0.00252   -2.149
 0.000065    0.00274   -2.166
 0.000080    0.00340   -2.183
 0.000095    0.00412   -2.223
 0.000107    0.00469   -2.249
 0.000123    0.00539   -2.244
 0.000084    0.00360   -2.195
 0.000065    0.00276   -2.156
 0.000056    0.00236   -2.165
 0.000068    0.00291   -2.185
 0.000084    0.00362   -2.206
 0.000101    0.00440   -2.241
 0.000125    0.00550   -2.260
 0.000102    0.00441   -2.230
 0.000072    0.00308   -2.175
 0.000058    0.00247   -2.157
 0.000054    0.00228   -2.171
 0.000068    0.00291   -2.185
 0.000081    0.00349   -2.209
 0.000091    0.00398   -2.247
 0.000099    0.00437   -2.260
 0.000105    0.00466   -2.296
 0.000070    0.00302   -2.224
 0.000054    0.00228   -2.157
 0.000046    0.00192   -2.136
 0.000040    0.00170   -2.148
 0.000046    0.00196   -2.164
 0.000058    0.00246   -2.175
 0.000067    0.00287   -2.187
 0.000074    0.00321   -2.213
 0.000081    0.00355   -2.257
 0.000097    0.00443   -2.365
 0.000075    0.00341   -2.352
 0.000053    0.00232   -2.253
 0.000043    0.00184   -2.191
 0.000037    0.00156   -2.155
 0.000033    0.00137   -2.137
 0.000029    0.00123   -2.144
 0.000036    0.00154   -2.156
 0.000044    0.00188   -2.169
 0.000050    0.00213   -2.200
 0.000053    0.00232   -2.241
 0.000055    0.00240   -2.269
 0.000054    0.00239   -2.281
 0.000054    0.00238   -2.268
 0.000057    0.00249   -2.261
 0.000077    0.00360   -2.425
 0.000049    0.00212   -2.239
 0.000037    0.00155   -2.117
 0.000032    0.00132   -2.111
 0.000028    0.00117   -2.115
 0.000026    0.00107   -2.124
 0.000024    0.00099   -2.136
 0.000022    0.00093   -2.150
 0.000026    0.00108   -2.168
 0.000037    0.00160   -2.182
 0.000045    0.00192   -2.201
 0.000052    0.00224   -2.221
 0.000057    0.00251   -2.240
 0.000065    0.00282   -2.243
 0.000075    0.00328   -2.251
 0.000084    0.00372   -2.272
 0.000057    0.00248   -2.216
 0.000044    0.00187   -2.168
 0.000037    0.00157   -2.155
 0.000033    0.00141   -2.172
 0.000040    0.00174   -2.203
 0.000058    0.00251   -2.236
 0.000073    0.00321   -2.270
 0.000087    0.00384   -2.277
 0.000103    0.00460   -2.292
 0.000085    0.00373   -2.268
 0.000059    0.00254   -2.202
 0.000047    0.00198   -2.172
 0.000040    0.00171   -2.191
 0.000047    0.00202   -2.220
 0.000064    0.00282   -2.249
 0.000080    0.00356   -2.284
 0.000092    0.00410   -2.295
 0.000103    0.00464   -2.314
 0.000075    0.00329   -2.271
 0.000053    0.00225   -2.194
 0.000042    0.00180   -2.174
 0.000036    0.00155   -2.193
 0.000038    0.00166   -2.217
 0.000053    0.00231   -2.234
 0.000065    0.00287   -2.260
 0.000075    0.00337   -2.301
 0.000079    0.00354   -2.306
 0.000088    0.00397   -2.314
 0.000066    0.00292   -2.275
 0.000047    0.00201   -2.208
 0.000037    0.00159   -2.178
 0.000031    0.00134   -2.171
 0.000027    0.00116   -2.179
 0.000024    0.00104   -2.195
 0.000037    0.00158   -2.204
 0.000042    0.00182   -2.214
 0.000047    0.00204   -2.232
 0.000049    0.00215   -2.258
 0.000049    0.00216   -2.282
 0.000047    0.00208   -2.286
 0.000045    0.00200   -2.275
 0.000044    0.00192   -2.261
 0.000051    0.00230   -2.321
 0.000055    0.00255   -2.423
 0.000035    0.00159   -2.364
 0.000026    0.00114   -2.278
 0.000021    0.00089   -2.177
 0.000018    0.00076   -2.124
 0.000016    0.00068   -2.120
 0.000015    0.00063   -2.121
 0.000014    0.00059   -2.130
 0.000013    0.00056   -2.140
 0.000013    0.00053   -2.151
 0.000012    0.00051   -2.162
 0.000012    0.00050   -2.176
 0.000023    0.00099   -2.190
 0.000028    0.00120   -2.200
 0.000033    0.00142   -2.210
 0.000037    0.00161   -2.220
 0.000041    0.00177   -2.231
 0.000046    0.00199   -2.228
 0.000050    0.00218   -2.223
 0.000054    0.00232   -2.223
 0.000069    0.00307   -2.281
 0.000055    0.00242   -2.267
 0.000038    0.00164   -2.195
 0.000030    0.00127   -2.142
 0.000026    0.00109   -2.137
 0.000024    0.00099   -2.146
 0.000021    0.00091   -2.159
 0.000020    0.00084   -2.177
 0.000033    0.00143   -2.211
 0.000042    0.00185   -2.234
 0.000050    0.00222   -2.258
 0.000056    0.00248   -2.274
 0.000062    0.00272   -2.272
 0.000065    0.00285   -2.274
 0.000076    0.00342   -2.310
 0.000059    0.00262   -2.283
 0.000041    0.00176   -2.201
 0.000032    0.00135   -2.138
 0.000028    0.00117   -2.142
 0.000025    0.00105   -2.157
 0.000022    0.00095   -2.173
 0.000023    0.00100   -2.193
 0.000036    0.00154   -2.209
 0.000042    0.00181   -2.224
 0.000047    0.00203   -2.242
 0.000049    0.00216   -2.278
 0.000048    0.00216   -2.301
 0.000048    0.00212   -2.296
 0.000046    0.00206   -2.284
 0.000046    0.00201   -2.271
 0.000062    0.00282   -2.348
 0.000042    0.00191   -2.323
 0.000030    0.00129   -2.238
 0.000024    0.00101   -2.160
 0.000021    0.00087   -2.133
 0.000019    0.00078   -2.128
 0.000017    0.00072   -2.135
 0.000016    0.00067   -2.148
 0.000015    0.00063   -2.163
 0.000014    0.00060   -2.180
 0.000022    0.00096   -2.195
 0.000030    0.00130   -2.205
 0.000036    0.00157   -2.217
 0.000041    0.00179   -2.231
 0.000045    0.00196   -2.243
 0.000049    0.00216   -2.242
 0.000052    0.00229   -2.256
 0.000053    0.00231   -2.263
 0.000066    0.00295   -2.316
 0.000051    0.00228   -2.317
 0.000035    0.00153   -2.256
 0.000027    0.00117   -2.194
 0.000024    0.00099   -2.164
 0.000021    0.00088   -2.151
 0.000019    0.00079   -2.140
 0.000017    0.00072   -2.136
 0.000016    0.00067   -2.144
 0.000015    0.00062   -2.157
 0.000021    0.00091   -2.171
 0.000028    0.00119   -2.178
 0.000031    0.00133   -2.188
 0.000034    0.00148   -2.209
 0.000037    0.00160   -2.247
 0.000038    0.00167   -2.287
 0.000038    0.00171   -2.339
 0.000037    0.00172   -2.381
 0.000038    0.00174   -2.405
 0.000037    0.00173   -2.423
 0.000037    0.00172   -2.443
 0.000054    0.00275   -2.703
 0.000044    0.00227   -2.768
 0.000029    0.00144   -2.674
 0.000022    0.00109   -2.621
 0.000018    0.00089   -2.617
 0.000016    0.00077   -2.644
 0.000014    0.00069   -2.684
 0.000012    0.00062   -2.747
 0.000011    0.00058   -2.833
 0.000010    0.00056   -2.964
 0.000010    0.00054   -3.120
 0.000009    0.00052   -3.285
 0.000008    0.00049   -3.461
 0.000007    0.00046   -3.656
 0.000006    0.00044   -3.868
 0.000006    0.00042   -4.059
 0.000006    0.00043   -4.225
 0.000006    0.00044   -4.425
 0.000006    0.00045   -4.632
 0.000006    0.00047   -4.860
 0.000006    0.00049   -5.109
 0.000006    0.00052   -5.343
 0.000006    0.00056   -5.332
 0.000007    0.00059   -5.270
 0.000007    0.00063   -5.215
 0.000008    0.00067   -5.160
 0.000008    0.00070   -5.098
 0.000008    0.00073   -5.035
 0.000009    0.00075   -4.973
 0.000009    0.00077   -4.914
 0.000009    0.00078   -4.860
 0.000009    0.00078   -4.810
 0.000009    0.00076   -4.765
 0.000009    0.00075   -4.722
 0.000012    0.00098   -4.663
 0.000009    0.00074   -4.644
 0.000006    0.00050   -4.620
 0.000005    0.00038   -4.597
 0.000004    0.00033   -4.569
 0.000004    0.00032   -4.538
 0.000004    0.00033   -4.506
 0.000004    0.00034   -4.475
 0.000005    0.00036   -4.443
 0.000005    0.00038   -4.410
 0.000005    0.00040   -4.378
 0.000005    0.00042   -4.346
 0.000006    0.00044   -4.316
 0.000006    0.00045   -4.286
 0.000006    0.00047   -4.261
 0.000006    0.00048   -4.238
 0.000006    0.00048   -4.214
 0.000006    0.00048   -4.190
 0.000006    0.00047   -4.165
 0.000006    0.00045   -4.139
 0.000006    0.00043   -4.113
 0.000006    0.00042   -4.086
 0.000006    0.00040   -4.058
 0.000005    0.00039   -4.030
 0.000005    0.00038   -4.002
 0.000005    0.00038   -3.974
 0.000005    0.00037   -3.945
 0.000005    0.00036   -3.915
 0.000005    0.00035   -3.884
 0.000005    0.00034   -3.851
 0.000033    0.00214   -3.564
 0.000065    0.00436   -3.632
 0.000016    0.00108   -3.658
 0.000004    0.00028   -3.647
 0.000000    0.00002   -3.615
 0.000000    0.00000    0.000
 0.000000    0.00000    0.000
 0.000000    0.00000    0.000
 0.000000    0.00000    0.000
 0.000000    0.00000    0.000
 0.000000    0.00000    0.000
 0.000000    0.00000    0.000
 0.000000    0.00000    0.000
 0.000000    0.00000    0.000
 0.000000    0.00000    0.000
 0.000000    0.00000    0.000
 0.000000    0.00000    0.000
 0.000000    0.00000    0.000
 0.000000    0.00000    0.000
 0.000000    0.00000    0.000
 0.000000    0.00000    0.000
 0.000000    0.00000    0.000
 0.000000    0.00000    0.000
 0.000000    0.00000    0.000
 0.000000    0.00001   -3.026
 0.000000    0.00002   -2.990
 0.000001    0.00004   -2.960
 0.000001    0.00006   -2.933
 0.000001    0.00007   -2.907
 0.000002    0.00009   -2.882
 0.000002    0.00010   -2.858
 0.000002    0.00011   -2.835
 0.000002    0.00012   -2.813
 0.000002    0.00012   -2.792
 0.000002    0.00013   -2.773
 0.000003    0.00014   -2.754
 0.000003    0.00014   -2.736
 0.000003    0.00014   -2.718
 0.000003    0.00013   -2.701
 0.000152    0.00723   -2.463
 0.000092    0.00457   -2.569
 0.000016    0.00081   -2.566
 0.000001    0.00006   -2.551
 0.000000    0.00000    0.000
 0.000000    0.00000    0.000
 0.000000    0.00000    0.000
 0.000000    0.00000    0.000
 0.000000    0.00000    0.000
 0.000000    0.00000    0.000
 0.000128    0.00563   -2.269
 0.000021    0.00096   -2.301
 0.000000    0.00001   -2.287
 0.000000    0.00000    0.000
 0.000158    0.00655   -2.111
 0.000141    0.00576   -2.078
 0.000338    0.01289   -1.931
 0.000094    0.00350   -1.883
 0.000144    0.00511   -1.782
 0.000074    0.00254   -1.731
 0.000105    0.00347   -1.660
 0.000013    0.00043   -1.660
 0.000008    0.00027   -1.635
 0.000002    0.00007   -1.623
 0.000009    0.00027   -1.590
 0.000001    0.00002   -1.590
 0.000000    0.00000    0.000
 0.000000    0.00000    0.000
 0.000002    0.00005   -1.534
 0.000001    0.00002   -1.530
 0.000003    0.00011   -1.505
 0.000000    0.00001   -1.503
 0.000003    0.00009   -1.476
 0.000005    0.00013   -1.470
 0.000019    0.00055   -1.450
 0.000005    0.00015   -1.443
 0.000013    0.00037   -1.425
 0.000001    0.00003   -1.420
 0.000008    0.00022   -1.400
 0.000000    0.00000    0.000
 0.000000    0.00000    0.000
 0.000000    0.00000    0.000
 0.000000    0.00000    0.000
 0.000000    0.00000    0.000
 0.000033    0.00092   -1.372
 0.000008    0.00021   -1.373
 0.000009    0.00024   -1.354
 0.000001    0.00003   -1.341
 0.000019    0.00044   -1.149
 0.000005    0.00011   -1.096
 0.000019    0.00044   -1.128
 0.000002    0.00006   -1.111
 0.000015    0.00035   -1.140
 0.000001    0.00003   -1.122
 0.000013    0.00031   -1.140
 0.000001    0.00002   -1.126
 0.000012    0.00028   -1.131
 0.000013    0.00031   -1.124
 0.000038    0.00087   -1.118
 0.000023    0.00051   -1.103
 0.000059    0.00131   -1.080
 0.000029    0.00063   -1.069
 0.000048    0.00101   -1.038
 0.000013    0.00026   -1.024
 0.000039    0.00081   -0.999
 0.000017    0.00034   -0.985
 0.000044    0.00087   -0.962
 0.000011    0.00022   -0.947
 0.000031    0.00059   -0.924
 0.000004    0.00008   -0.914
 0.000003    0.00006   -0.887
 0.000000    0.00000    0.000
 0.000015    0.00027   -0.849
 0.000012    0.00021   -0.838
 0.000079    0.00134   -0.819
 0.000028    0.00046   -0.807
 0.000076    0.00123   -0.786
 0.000050    0.00080   -0.772
 0.000089    0.00139   -0.752
 0.000036    0.00056   -0.742
 0.000075    0.00113   -0.724
 0.000049    0.00072   -0.710
 0.000111    0.00160   -0.695
 0.000072    0.00102   -0.683
 0.000074    0.00103   -0.670
 0.000027    0.00037   -0.662
 0.000062    0.00084   -0.649
 0.000031    0.00041   -0.641
 0.000052    0.00069   -0.630
 0.000025    0.00033   -0.623
 0.000063    0.00081   -0.612
 0.000015    0.00019   -0.607
 0.000053    0.00066   -0.598
 0.000000    0.00000   -0.597
 0.000050    0.00060   -0.584
 0.000000    0.00000    0.000
 0.000065    0.00078   -0.571
 0.000032    0.00038   -0.566
 0.000080    0.00093   -0.559
 0.000044    0.00050   -0.553
 0.000080    0.00092   -0.544
 0.000048    0.00054   -0.539
 0.000087    0.00097   -0.531
 0.000063    0.00069   -0.524
 0.000078    0.00085   -0.517
 0.000023    0.00025   -0.515
 0.000060    0.00063   -0.507
 0.000001    0.00001   -0.505
 0.000094    0.00097   -0.495
 0.000027    0.00028   -0.492
 0.000039    0.00040   -0.487
 0.000019    0.00020   -0.483
 0.000014    0.00014   -0.479
 0.000000    0.00000    0.000
 0.000000    0.00000    0.000
 0.000000    0.00000    0.000
 0.000021    0.00020   -0.464
 0.000000    0.00000    0.000
 0.000000    0.00000    0.000
 0.000000    0.00000    0.000
 0.000000    0.00000    0.000
 0.000000    0.00000    0.000
 0.000020    0.00019   -0.448
 0.000005    0.00005   -0.446
 0.000023    0.00021   -0.443
 0.000003    0.00003   -0.442
 0.000018    0.00017   -0.438
 0.000004    0.00003   -0.436
 0.000011    0.00010   -0.434
 0.000004    0.00003   -0.430
 0.000022    0.00020   -0.428
 0.000010    0.00009   -0.426
 0.000011    0.00010   -0.424
 0.000000    0.00000    0.000
 0.000004    0.00004   -0.419
 0.000007    0.00006   -0.418
 0.000009    0.00008   -0.414
 0.000000    0.00000    0.000
 0.000038    0.00033   -0.409
 0.000000    0.00000    0.000
 0.000000    0.00000    0.000
 0.000000    0.00000    0.000
 0.000000    0.00000    0.000
 0.000000    0.00000    0.000
 0.000003    0.00002   -0.399
 0.000000    0.00000    0.000
 0.000000    0.00000    0.000
 0.000000    0.00000    0.000
 0.000022    0.00018   -0.393
 0.000002    0.00002   -0.390
 0.000048    0.00039   -0.389
 0.000017    0.00014   -0.388
 0.000012    0.00010   -0.386
 0.000000    0.00000    0.000
 0.000000    0.00000    0.000
 0.000000    0.00000    0.000
 0.000000    0.00000    0.000
 0.000000    0.00000    0.000
 0.000000    0.00000    0.000
 0.000000    0.00000    0.000
 0.000000    0.00000    0.000
 0.000000    0.00000    0.000
 0.000000    0.00000    0.000
 0.000000    0.00000    0.000
 0.000000    0.00000    0.000
 0.000000    0.00000    0.000
 0.000000    0.00000    0.000
 0.000000    0.00000    0.000
 0.000000    0.00000    0.000
 0.000000    0.00000    0.000
 0.000000    0.00000    0.000
 0.000000    0.00000    0.000
 0.000000    0.00000    0.000
 0.000000    0.00000    0.000
 0.000000    0.00000    0.000
 0.000000    0.00000    0.000
 0.000000    0.00000    0.000
 0.000000    0.00000    0.000
 0.000000    0.00000    0.000
 0.000000    0.00000    0.000
 0.000000    0.00000    0.000
 0.000000    0.00000    0.000
 0.000000    0.00000    0.000
 0.000000    0.00000    0.000
 0.000000    0.00000    0.000
 0.000000    0.00000    0.000
 0.000000    0.00000    0.000
 0.000000    0.00000    0.000
 0.000000    0.00000    0.000
 0.000000    0.00000    0.000
 0.000000    0.00000    0.000
 0.000000    0.00000    0.000
 0.000000    0.00000    0.000
 0.000000    0.00000    0.000
 0.000000    0.00000    0.000
 0.000000    0.00000    0.000
 0.000000    0.00000    0.000
 0.000000    0.00000    0.000
 0.000000    0.00000    0.000
 0.000000    0.00000    0.000
 0.000000    0.00000    0.000
 0.000000    0.00000    0.000
 0.000000    0.00000    0.000
 0.000000    0.00000    0.000
 0.000000    0.00000    0.000
 0.000000    0.00000    0.000
 0.000000    0.00000    0.000
 0.000000    0.00000    0.000
 0.000000    0.00000    0.000
 0.000000    0.00000    0.000
 0.000000    0.00000    0.000
 0.000000    0.00000    0.000
 0.000000    0.00000    0.000
 0.000000    0.00000    0.000
 0.000000    0.00000    0.000
 0.000000    0.00000    0.000
 0.000000    0.00000    0.000
 0.000000    0.00000    0.000
 0.000000    0.00000    0.000
 0.000000    0.00000    0.000
 0.000000    0.00000    0.000
 0.000000    0.00000    0.000
 0.000000    0.00000    0.000
 0.000000    0.00000    0.000
 0.000000    0.00000    0.000
 0.000000    0.00000    0.000
 0.000000    0.00000    0.000
 0.000000    0.00000    0.000
 0.000000    0.00000    0.000
 0.000000    0.00000    0.000
 0.000000    0.00000    0.000
 0.000000    0.00000    0.000
 0.000000    0.00000    0.000
 0.000000    0.00000    0.000
 0.000000    0.00000    0.000
 0.000000    0.00000    0.000
 0.000000    0.00000    0.000
 0.000000    0.00000    0.000
 0.000007    0.00027   -1.878
 0.000073    0.00279   -1.919
 0.000176    0.00672   -1.936
 0.000248    0.00950   -1.942
 0.000276    0.01060   -1.942
 0.000283    0.01093   -1.954
 0.000302    0.01169   -1.964
 0.000303    0.01175   -1.963
 0.000269    0.01043   -1.966
 0.000249    0.00965   -1.967
 0.000242    0.00937   -1.966
 0.000271    0.01044   -1.956
 0.000245    0.00943   -1.950
 0.000221    0.00848   -1.949
 0.000205    0.00786   -1.946
 0.000195    0.00749   -1.940
 0.000233    0.00886   -1.921
 0.000206    0.00777   -1.910
 0.000181    0.00680   -1.901
 0.000163    0.00612   -1.896
 0.000154    0.00576   -1.895
 0.000157    0.00589   -1.903
 0.000175    0.00667   -1.924
 0.000245    0.00939   -1.937
 0.000242    0.00938   -1.963
 0.000228    0.00894   -1.993
 0.000217    0.00864   -2.019
 0.000210    0.00842   -2.042
 0.000214    0.00865   -2.057
 0.000244    0.00985   -2.061
 0.000249    0.01007   -2.062
 0.000231    0.00938   -2.074
 0.000234    0.00958   -2.087
 0.000266    0.01092   -2.092
 0.000248    0.01021   -2.101
 0.000242    0.01004   -2.117
 0.000268    0.01117   -2.128
 0.000263    0.01095   -2.129
 0.000249    0.01043   -2.137
 0.000276    0.01156   -2.143
 0.000262    0.01096   -2.137
 0.000252    0.01059   -2.146
 0.000280    0.01175   -2.146
 0.000254    0.01061   -2.137
 0.000248    0.01039   -2.141
 0.000274    0.01142   -2.132
 0.000243    0.01009   -2.125
 0.000240    0.00999   -2.128
 0.000266    0.01104   -2.124
 0.000236    0.00979   -2.117
 0.000231    0.00958   -2.120
 0.000256    0.01062   -2.122
 0.000237    0.00982   -2.116
 0.000226    0.00939   -2.123
 0.000248    0.01038   -2.141
 0.000249    0.01043   -2.140
 0.000231    0.00970   -2.147
 0.000250    0.01061   -2.170
 0.000260    0.01100   -2.169
 0.000240    0.01020   -2.178
 0.000267    0.01143   -2.197
 0.000254    0.01086   -2.191
 0.000249    0.01069   -2.205
 0.000273    0.01175   -2.204
 0.000245    0.01053   -2.204
 0.000270    0.01168   -2.221
 0.000254    0.01097   -2.212
 0.000255    0.01108   -2.232
 0.000272    0.01179   -2.225
 0.000248    0.01080   -2.232
 0.000276    0.01205   -2.243
 0.000247    0.01075   -2.232
 0.000271    0.01186   -2.253
 0.000251    0.01092   -2.233
 0.000258    0.01131   -2.255
 0.000260    0.01132   -2.238
 0.000242    0.01057   -2.240
 0.000267    0.01171   -2.253
 0.000235    0.01021   -2.228
 0.000259    0.01135   -2.255
 0.000237    0.01027   -2.223
 0.000229    0.00996   -2.228
 0.000252    0.01093   -2.229
 0.000221    0.00952   -2.203
 0.000232    0.01007   -2.228
 0.000242    0.01046   -2.213
 0.000215    0.00924   -2.204
 0.000243    0.01056   -2.236
 0.000225    0.00966   -2.207
 0.000213    0.00917   -2.210
 0.000245    0.01067   -2.241
 0.000213    0.00914   -2.204
 0.000212    0.00917   -2.224
 0.000240    0.01055   -2.263
 0.000201    0.00868   -2.218
 0.000203    0.00879   -2.233
 0.000232    0.01019   -2.262
 0.000192    0.00825   -2.208
 0.000189    0.00811   -2.201
 0.000220    0.00951   -2.222
 0.000197    0.00840   -2.181
 0.000184    0.00781   -2.176
 0.000199    0.00856   -2.201
 0.000219    0.00943   -2.204
 0.000182    0.00775   -2.187
 0.000190    0.00819   -2.205
 0.000223    0.00966   -2.227
 0.000180    0.00770   -2.190
 0.000180    0.00777   -2.215
 0.000212    0.00938   -2.285
 0.000185    0.00806   -2.246
 0.000164    0.00705   -2.213
 0.000174    0.00751   -2.220
 0.000207    0.00903   -2.247
 0.000165    0.00707   -2.195
 0.000155    0.00661   -2.182
 0.000166    0.00712   -2.197
 0.000200    0.00869   -2.239
 0.000161    0.00688   -2.189
 0.000145    0.00609   -2.154
 0.000156    0.00663   -2.168
 0.000190    0.00817   -2.203
 0.000174    0.00744   -2.184
 0.000145    0.00618   -2.175
 0.000158    0.00677   -2.196
 0.000195    0.00847   -2.227
 0.000172    0.00738   -2.200
 0.000149    0.00639   -2.192
 0.000166    0.00717   -2.217
 0.000202    0.00881   -2.240
 0.000155    0.00663   -2.196
 0.000149    0.00638   -2.193
 0.000169    0.00734   -2.231
 0.000196    0.00853   -2.235
 0.000141    0.00603   -2.187
 0.000139    0.00591   -2.186
 0.000156    0.00678   -2.235
 0.000187    0.00831   -2.299
 0.000142    0.00609   -2.204
 0.000122    0.00513   -2.158
 0.000136    0.00580   -2.181
 0.000164    0.00711   -2.227
 0.000179    0.00775   -2.222
 0.000129    0.00554   -2.192
 0.000137    0.00594   -2.216
 0.000165    0.00725   -2.251
 0.000188    0.00821   -2.247
 0.000138    0.00600   -2.228
 0.000151    0.00660   -2.250
 0.000195    0.00862   -2.279
 0.000158    0.00692   -2.241
 0.000138    0.00602   -2.237
 0.000164    0.00724   -2.274
 0.000193    0.00857   -2.281
 0.000134    0.00583   -2.226
 0.000138    0.00604   -2.237
 0.000170    0.00755   -2.289
 0.000177    0.00782   -2.266
 0.000122    0.00527   -2.216
 0.000129    0.00560   -2.229
 0.000155    0.00687   -2.274
 0.000177    0.00777   -2.263
 0.000122    0.00525   -2.212
